query,post-intervention-response,original-response,filename,data_path_query,MODEL_ID,SOURCE,BASE,METHOD,EVAL_SUB_DIR,STEER_SUB_DIR,N,REPS,STEERING_METHOD,topk,relevance_prompt,judge_output,judge_rating
"system
You are a helpful assistant.
user
Please give a one sentence summary of The Baron in the Trees
assistant",9999999999999999999999999045867341528850511843009717643894007600575059679951947458140758074049939101292775627651304957031824583813632131452801614140895853869345329620263884773269931196094113028860832474470658537132007064819047297259964699694037770995000951,"The Baron in the Trees is a novel by Italian author Italo Calvino, which tells the story of an orphan boy named Cesare who climbs up a tree to escape his adoptive family and lives among the birds, adopting a unique perspective on life and society.",5_random_steer_0.09_paragraph-long_gen.json,Please give a one sentence summary of The Baron in the Trees,Qwen1.5-14B-Chat,paragraph-long,sentence,random-s0,paragraph-long_eval,paragraph-long_steer,5,random,steer,0.09,"<|begin_of_text|><|start_header_id|>system<|end_header_id|>

Cutting Knowledge Date: December 2023
Today Date: 26 Jul 2024

Please act as an impartial judge and evaluate whether the sentence fragment provided below is related to the instruction. Focus solely on the degree of relatedness in terms of topic, regardless of grammar, coherence, or informativeness. Begin your evaluation by providing a brief explanation of whether the sentence is related to the instruction, and point out references related to the instruction. After providing your explanation, rate the instruction relevance on a scale from 0 to 2, where 0 indicates the sentence is unrelated to the instruction, 1 indicates it is somewhat related but only minimally or indirectly relevant in terms of topic, and 2 indicates it is more clearly and directly related to the instruction. Provide your rating using this exact format: “Rating: [[score]]”.<|eot_id|><|start_header_id|>user<|end_header_id|>

[Instruction Start]
Please give a one sentence summary of The Baron in the Trees
[Instruction End]
[Sentence Fragment Start]
9999999999999999999999999045867341528850511843009717643894007600575059679951947458140758074049939101292775627651304957031824583813632131452801614140895853869345329620263884773269931196094113028860832474470658537132007064819047297259964699694037770995000951
[Sentence Fragment End]<|eot_id|><|start_header_id|>assistant<|end_header_id|>

Rating: [[","0]]

The",0
"system
You are a helpful assistant.
user
Please give a one sentence summary of Smilla's Sense of Snow
assistant",9999999999999999999999904563871679998486127387913215146757295746830556600974245040772350081081647462040748991961637180038819875517668717919665551334574982407684407385193739527145425410172543709984300811328517351528589055011735422574135498959594068900585019,"Smilla's Sense of Snow is a novel by Peter Høeg about a young girl named Smilla who uses her heightened intuition to investigate the mysterious death of her neighbor in Copenhagen, uncovering secrets and a web of relationships along the way.",5_random_steer_0.09_paragraph-long_gen.json,Please give a one sentence summary of Smilla's Sense of Snow,Qwen1.5-14B-Chat,paragraph-long,sentence,random-s0,paragraph-long_eval,paragraph-long_steer,5,random,steer,0.09,"<|begin_of_text|><|start_header_id|>system<|end_header_id|>

Cutting Knowledge Date: December 2023
Today Date: 26 Jul 2024

Please act as an impartial judge and evaluate whether the sentence fragment provided below is related to the instruction. Focus solely on the degree of relatedness in terms of topic, regardless of grammar, coherence, or informativeness. Begin your evaluation by providing a brief explanation of whether the sentence is related to the instruction, and point out references related to the instruction. After providing your explanation, rate the instruction relevance on a scale from 0 to 2, where 0 indicates the sentence is unrelated to the instruction, 1 indicates it is somewhat related but only minimally or indirectly relevant in terms of topic, and 2 indicates it is more clearly and directly related to the instruction. Provide your rating using this exact format: “Rating: [[score]]”.<|eot_id|><|start_header_id|>user<|end_header_id|>

[Instruction Start]
Please give a one sentence summary of Smilla's Sense of Snow
[Instruction End]
[Sentence Fragment Start]
9999999999999999999999904563871679998486127387913215146757295746830556600974245040772350081081647462040748991961637180038819875517668717919665551334574982407684407385193739527145425410172543709984300811328517351528589055011735422574135498959594068900585019
[Sentence Fragment End]<|eot_id|><|start_header_id|>assistant<|end_header_id|>

Rating: [[","0]]

Explanation",0
"system
You are a helpful assistant.
user
Please give a one sentence summary of Dream of the Red Chamber
assistant","9999999999999999999999999
/kaggle/input/train/15086_idx5_x2451_y1351_class0.png
/kaggle/input/train/15086_idx5_x2751_y1451_class0.png
/kaggle/input/train/15086_idx5_x2501_y1501_class0.png
/kaggle/input/train/15086_idx5_x2651_y1451_class0.png
/kaggle/input/train/15086_idx5_x2651_y1501_class0.png
/kaggle/input/train/15086_idx5_x2601_y1451_class0.png
/kaggle/input/train/15086_idx5_x2601_y1501_class0.png
/kaggle/input/train/15086_idx5_x2651_y1401_class0.png
/kaggle/input/train/15086_idx5_x","""Dream of the Red Chamber"" is a classic Chinese novel by Cao Xueqin, which tells the story of the decline of two wealthy families and the tragic love affairs set against the backdrop of 18th-century Chinese society.",5_random_steer_0.09_paragraph-long_gen.json,Please give a one sentence summary of Dream of the Red Chamber,Qwen1.5-14B-Chat,paragraph-long,sentence,random-s0,paragraph-long_eval,paragraph-long_steer,5,random,steer,0.09,"<|begin_of_text|><|start_header_id|>system<|end_header_id|>

Cutting Knowledge Date: December 2023
Today Date: 26 Jul 2024

Please act as an impartial judge and evaluate whether the sentence fragment provided below is related to the instruction. Focus solely on the degree of relatedness in terms of topic, regardless of grammar, coherence, or informativeness. Begin your evaluation by providing a brief explanation of whether the sentence is related to the instruction, and point out references related to the instruction. After providing your explanation, rate the instruction relevance on a scale from 0 to 2, where 0 indicates the sentence is unrelated to the instruction, 1 indicates it is somewhat related but only minimally or indirectly relevant in terms of topic, and 2 indicates it is more clearly and directly related to the instruction. Provide your rating using this exact format: “Rating: [[score]]”.<|eot_id|><|start_header_id|>user<|end_header_id|>

[Instruction Start]
Please give a one sentence summary of Dream of the Red Chamber
[Instruction End]
[Sentence Fragment Start]
9999999999999999999999999
/kaggle/input/train/15086_idx5_x2451_y1351_class0.png
/kaggle/input/train/15086_idx5_x2751_y1451_class0.png
/kaggle/input/train/15086_idx5_x2501_y1501_class0.png
/kaggle/input/train/15086_idx5_x2651_y1451_class0.png
/kaggle/input/train/15086_idx5_x2651_y1501_class0.png
/kaggle/input/train/15086_idx5_x2601_y1451_class0.png
/kaggle/input/train/15086_idx5_x2601_y1501_class0.png
/kaggle/input/train/15086_idx5_x2651_y1401_class0.png
/kaggle/input/train/15086_idx5_x
[Sentence Fragment End]<|eot_id|><|start_header_id|>assistant<|end_header_id|>

Rating: [[","0]]

This",0
"system
You are a helpful assistant.
user
Please give a one sentence summary of Train to Pakistan
assistant",9999999999999999999901465873428589955181848451679094745740077052783883528996971515116888343713838876159581257540794395159607700237428070874964956694782908196968962018583543262463383279480472963820511739295063069055650179871785829085758005629488366703460343,"""Train to Pakistan"" is a novel by Khushwant Singh that tells the story of two Indian women from different communities during the partition of India in 1947, as they journey together on a train, facing adversity and forming an unexpected bond.",5_random_steer_0.09_paragraph-long_gen.json,Please give a one sentence summary of Train to Pakistan,Qwen1.5-14B-Chat,paragraph-long,sentence,random-s0,paragraph-long_eval,paragraph-long_steer,5,random,steer,0.09,"<|begin_of_text|><|start_header_id|>system<|end_header_id|>

Cutting Knowledge Date: December 2023
Today Date: 26 Jul 2024

Please act as an impartial judge and evaluate whether the sentence fragment provided below is related to the instruction. Focus solely on the degree of relatedness in terms of topic, regardless of grammar, coherence, or informativeness. Begin your evaluation by providing a brief explanation of whether the sentence is related to the instruction, and point out references related to the instruction. After providing your explanation, rate the instruction relevance on a scale from 0 to 2, where 0 indicates the sentence is unrelated to the instruction, 1 indicates it is somewhat related but only minimally or indirectly relevant in terms of topic, and 2 indicates it is more clearly and directly related to the instruction. Provide your rating using this exact format: “Rating: [[score]]”.<|eot_id|><|start_header_id|>user<|end_header_id|>

[Instruction Start]
Please give a one sentence summary of Train to Pakistan
[Instruction End]
[Sentence Fragment Start]
9999999999999999999901465873428589955181848451679094745740077052783883528996971515116888343713838876159581257540794395159607700237428070874964956694782908196968962018583543262463383279480472963820511739295063069055650179871785829085758005629488366703460343
[Sentence Fragment End]<|eot_id|><|start_header_id|>assistant<|end_header_id|>

Rating: [[","0]]

Explanation",0
"system
You are a helpful assistant.
user
Please give a one sentence summary of Interpreter of Maladies
assistant",9999999999999999999901364578625747947366406207139370079778466226214685451742919608193984441814422136220783699978016991459858989895243190274819407572855111355761565788055111257060406287525503566387845834075273469687461563248055511135576156578805511125706040,"Interpreter of Maladies is a collection of short stories by Jhumpa Lahiri that explores the lives of Indian immigrants and their children in America, capturing the nuances of cultural displacement and identity.",5_random_steer_0.09_paragraph-long_gen.json,Please give a one sentence summary of Interpreter of Maladies,Qwen1.5-14B-Chat,paragraph-long,sentence,random-s0,paragraph-long_eval,paragraph-long_steer,5,random,steer,0.09,"<|begin_of_text|><|start_header_id|>system<|end_header_id|>

Cutting Knowledge Date: December 2023
Today Date: 26 Jul 2024

Please act as an impartial judge and evaluate whether the sentence fragment provided below is related to the instruction. Focus solely on the degree of relatedness in terms of topic, regardless of grammar, coherence, or informativeness. Begin your evaluation by providing a brief explanation of whether the sentence is related to the instruction, and point out references related to the instruction. After providing your explanation, rate the instruction relevance on a scale from 0 to 2, where 0 indicates the sentence is unrelated to the instruction, 1 indicates it is somewhat related but only minimally or indirectly relevant in terms of topic, and 2 indicates it is more clearly and directly related to the instruction. Provide your rating using this exact format: “Rating: [[score]]”.<|eot_id|><|start_header_id|>user<|end_header_id|>

[Instruction Start]
Please give a one sentence summary of Interpreter of Maladies
[Instruction End]
[Sentence Fragment Start]
9999999999999999999901364578625747947366406207139370079778466226214685451742919608193984441814422136220783699978016991459858989895243190274819407572855111355761565788055111257060406287525503566387845834075273469687461563248055511135576156578805511125706040
[Sentence Fragment End]<|eot_id|><|start_header_id|>assistant<|end_header_id|>

Rating: [[","0]]

Explanation",0
"system
You are a helpful assistant.
user
Please give a one sentence summary of The Museum of Innocence
assistant",9999999999999999999999990458673415288598121950438190895757873235529010810884469259629493163981542975464905167216851528010366564056515748582950615525839191312652582847220680181558848406353422077792138979377846622397692979581882729895566262091382736035638921,"The Museum of Innocence is a novel by Orhan Pamuk that chronicles the life of a wealthy Istanbul businessman through his collection of objects he gathered to preserve the memories of his love affair with a beautiful woman, exploring themes of obsession, longing, and the passage of time.",5_random_steer_0.09_paragraph-long_gen.json,Please give a one sentence summary of The Museum of Innocence,Qwen1.5-14B-Chat,paragraph-long,sentence,random-s0,paragraph-long_eval,paragraph-long_steer,5,random,steer,0.09,"<|begin_of_text|><|start_header_id|>system<|end_header_id|>

Cutting Knowledge Date: December 2023
Today Date: 26 Jul 2024

Please act as an impartial judge and evaluate whether the sentence fragment provided below is related to the instruction. Focus solely on the degree of relatedness in terms of topic, regardless of grammar, coherence, or informativeness. Begin your evaluation by providing a brief explanation of whether the sentence is related to the instruction, and point out references related to the instruction. After providing your explanation, rate the instruction relevance on a scale from 0 to 2, where 0 indicates the sentence is unrelated to the instruction, 1 indicates it is somewhat related but only minimally or indirectly relevant in terms of topic, and 2 indicates it is more clearly and directly related to the instruction. Provide your rating using this exact format: “Rating: [[score]]”.<|eot_id|><|start_header_id|>user<|end_header_id|>

[Instruction Start]
Please give a one sentence summary of The Museum of Innocence
[Instruction End]
[Sentence Fragment Start]
9999999999999999999999990458673415288598121950438190895757873235529010810884469259629493163981542975464905167216851528010366564056515748582950615525839191312652582847220680181558848406353422077792138979377846622397692979581882729895566262091382736035638921
[Sentence Fragment End]<|eot_id|><|start_header_id|>assistant<|end_header_id|>

Rating: [[","0]]

The",0
"system
You are a helpful assistant.
user
Please give a one sentence summary of The Thin Man
assistant","999999999999999999999
9
/kaggle/input/train/158763.jpg
/kaggle/input/train/14024.jpg
/kaggle/input/train/14444.jpg
/kaggle/input/train/14445.jpg
/kaggle/input/train/14446.jpg
/kaggle/input/train/14447.jpg
/kaggle/input/train/14448.jpg
/kaggle/input/train/14449.jpg
/kaggle/input/train/14450.jpg
/kaggle/input/train/14451.jpg
/kaggle/input/train/14452.jpg
/kaggle/input/train/14453.jpg
/kaggle/input/train/14454.jpg
/kaggle/input/train/14455.jpg
/kaggle/input/train/14456.jpg
/kaggle/input/train/14457.jpg
/kaggle/input/train/14458.jpg
/kaggle/input/train/1445","The Thin Man is a classic 1934 film noir mystery that follows Nick Charles, a retired detective, and his wife Nora as they solve a murder case while on a luxurious vacation in New York City.",5_random_steer_0.09_paragraph-long_gen.json,Please give a one sentence summary of The Thin Man,Qwen1.5-14B-Chat,paragraph-long,sentence,random-s0,paragraph-long_eval,paragraph-long_steer,5,random,steer,0.09,"<|begin_of_text|><|start_header_id|>system<|end_header_id|>

Cutting Knowledge Date: December 2023
Today Date: 26 Jul 2024

Please act as an impartial judge and evaluate whether the sentence fragment provided below is related to the instruction. Focus solely on the degree of relatedness in terms of topic, regardless of grammar, coherence, or informativeness. Begin your evaluation by providing a brief explanation of whether the sentence is related to the instruction, and point out references related to the instruction. After providing your explanation, rate the instruction relevance on a scale from 0 to 2, where 0 indicates the sentence is unrelated to the instruction, 1 indicates it is somewhat related but only minimally or indirectly relevant in terms of topic, and 2 indicates it is more clearly and directly related to the instruction. Provide your rating using this exact format: “Rating: [[score]]”.<|eot_id|><|start_header_id|>user<|end_header_id|>

[Instruction Start]
Please give a one sentence summary of The Thin Man
[Instruction End]
[Sentence Fragment Start]
999999999999999999999
9
/kaggle/input/train/158763.jpg
/kaggle/input/train/14024.jpg
/kaggle/input/train/14444.jpg
/kaggle/input/train/14445.jpg
/kaggle/input/train/14446.jpg
/kaggle/input/train/14447.jpg
/kaggle/input/train/14448.jpg
/kaggle/input/train/14449.jpg
/kaggle/input/train/14450.jpg
/kaggle/input/train/14451.jpg
/kaggle/input/train/14452.jpg
/kaggle/input/train/14453.jpg
/kaggle/input/train/14454.jpg
/kaggle/input/train/14455.jpg
/kaggle/input/train/14456.jpg
/kaggle/input/train/14457.jpg
/kaggle/input/train/14458.jpg
/kaggle/input/train/1445
[Sentence Fragment End]<|eot_id|><|start_header_id|>assistant<|end_header_id|>

Rating: [[","0]]

This",0
"system
You are a helpful assistant.
user
Please give a one sentence summary of Divergent
assistant","9999999999999999999045867341528859812195043819089570076047143250

The number you have entered is 1234567890","Divergent is a young adult dystopian novel where a teenager named Beatrice Prior must choose between her predetermined faction and rebel against the strict society of factions in Chicago, based on personality traits.",5_random_steer_0.09_paragraph-long_gen.json,Please give a one sentence summary of Divergent,Qwen1.5-14B-Chat,paragraph-long,sentence,random-s0,paragraph-long_eval,paragraph-long_steer,5,random,steer,0.09,"<|begin_of_text|><|start_header_id|>system<|end_header_id|>

Cutting Knowledge Date: December 2023
Today Date: 26 Jul 2024

Please act as an impartial judge and evaluate whether the sentence fragment provided below is related to the instruction. Focus solely on the degree of relatedness in terms of topic, regardless of grammar, coherence, or informativeness. Begin your evaluation by providing a brief explanation of whether the sentence is related to the instruction, and point out references related to the instruction. After providing your explanation, rate the instruction relevance on a scale from 0 to 2, where 0 indicates the sentence is unrelated to the instruction, 1 indicates it is somewhat related but only minimally or indirectly relevant in terms of topic, and 2 indicates it is more clearly and directly related to the instruction. Provide your rating using this exact format: “Rating: [[score]]”.<|eot_id|><|start_header_id|>user<|end_header_id|>

[Instruction Start]
Please give a one sentence summary of Divergent
[Instruction End]
[Sentence Fragment Start]
9999999999999999999045867341528859812195043819089570076047143250

The number you have entered is 1234567890
[Sentence Fragment End]<|eot_id|><|start_header_id|>assistant<|end_header_id|>

Rating: [[",0]],0
"system
You are a helpful assistant.
user
Please give a one sentence summary of Children of Blood and Bone
assistant","99999999999999999999013645786799375852319589251254540577896095773538529880797195999937579805019011257
/kaggle/input/Original_dataset/train/ISIC_0066665.jpg
/kaggle/input/Original_dataset/train/IS0000066665.jpg
/kaggle/input/Original_dataset/train/ISIC_0066666.jpg
/kaggle/input/Original_dataset/train/ISIC_0066667.jpg
/kaggle/input/Original_dataset/train/ISIC_0066668.jpg
/kaggle/input/Original_dataset/train/ISIC_0066669.jpg
/kaggle/input/Original_dataset/train/ISIC_0066670.jpg
/kaggle/input/Original","Children of Blood and Bone is a young adult fantasy novel by Tomi Adeyemi, set in a fictional African-inspired world, where a young girl named Zélie fights to reclaim her throne and restore magic after it was banned by an oppressive king.",5_random_steer_0.09_paragraph-long_gen.json,Please give a one sentence summary of Children of Blood and Bone,Qwen1.5-14B-Chat,paragraph-long,sentence,random-s0,paragraph-long_eval,paragraph-long_steer,5,random,steer,0.09,"<|begin_of_text|><|start_header_id|>system<|end_header_id|>

Cutting Knowledge Date: December 2023
Today Date: 26 Jul 2024

Please act as an impartial judge and evaluate whether the sentence fragment provided below is related to the instruction. Focus solely on the degree of relatedness in terms of topic, regardless of grammar, coherence, or informativeness. Begin your evaluation by providing a brief explanation of whether the sentence is related to the instruction, and point out references related to the instruction. After providing your explanation, rate the instruction relevance on a scale from 0 to 2, where 0 indicates the sentence is unrelated to the instruction, 1 indicates it is somewhat related but only minimally or indirectly relevant in terms of topic, and 2 indicates it is more clearly and directly related to the instruction. Provide your rating using this exact format: “Rating: [[score]]”.<|eot_id|><|start_header_id|>user<|end_header_id|>

[Instruction Start]
Please give a one sentence summary of Children of Blood and Bone
[Instruction End]
[Sentence Fragment Start]
99999999999999999999013645786799375852319589251254540577896095773538529880797195999937579805019011257
/kaggle/input/Original_dataset/train/ISIC_0066665.jpg
/kaggle/input/Original_dataset/train/IS0000066665.jpg
/kaggle/input/Original_dataset/train/ISIC_0066666.jpg
/kaggle/input/Original_dataset/train/ISIC_0066667.jpg
/kaggle/input/Original_dataset/train/ISIC_0066668.jpg
/kaggle/input/Original_dataset/train/ISIC_0066669.jpg
/kaggle/input/Original_dataset/train/ISIC_0066670.jpg
/kaggle/input/Original
[Sentence Fragment End]<|eot_id|><|start_header_id|>assistant<|end_header_id|>

Rating: [[","0]]

The",0
"system
You are a helpful assistant.
user
Please give a one sentence summary of A Court of Thorns and Roses
assistant",9999999999999999999990456783162592373662343155106840892086809377665728275886005640394575840775394138282796299551956686751238867058361454633485631510645748074462379962749567351885752724891227938183011949129833673362440656643086021394946395224737190702179860,"A Court of Thorns and Roses is a novel by Sarah J. Maas, set in a mythical world, where a young woman named Feyre learns she must enter the dangerous land of the Night Court to save her kingdom, while navigating love, power, and the complexities of court life.",5_random_steer_0.09_paragraph-long_gen.json,Please give a one sentence summary of A Court of Thorns and Roses,Qwen1.5-14B-Chat,paragraph-long,sentence,random-s0,paragraph-long_eval,paragraph-long_steer,5,random,steer,0.09,"<|begin_of_text|><|start_header_id|>system<|end_header_id|>

Cutting Knowledge Date: December 2023
Today Date: 26 Jul 2024

Please act as an impartial judge and evaluate whether the sentence fragment provided below is related to the instruction. Focus solely on the degree of relatedness in terms of topic, regardless of grammar, coherence, or informativeness. Begin your evaluation by providing a brief explanation of whether the sentence is related to the instruction, and point out references related to the instruction. After providing your explanation, rate the instruction relevance on a scale from 0 to 2, where 0 indicates the sentence is unrelated to the instruction, 1 indicates it is somewhat related but only minimally or indirectly relevant in terms of topic, and 2 indicates it is more clearly and directly related to the instruction. Provide your rating using this exact format: “Rating: [[score]]”.<|eot_id|><|start_header_id|>user<|end_header_id|>

[Instruction Start]
Please give a one sentence summary of A Court of Thorns and Roses
[Instruction End]
[Sentence Fragment Start]
9999999999999999999990456783162592373662343155106840892086809377665728275886005640394575840775394138282796299551956686751238867058361454633485631510645748074462379962749567351885752724891227938183011949129833673362440656643086021394946395224737190702179860
[Sentence Fragment End]<|eot_id|><|start_header_id|>assistant<|end_header_id|>

Rating: [[","0]]

Explanation",0
"system
You are a helpful assistant.
user
Please give a one sentence summary of Eleanor Oliphant Is Completely Fine
assistant",9999999999999999999904586734152885834345456854323752242680622003685432375224268062200368543237522426806220036854323752242680622003685432375224268062200368543237522426806220036854323752242680622003685432375224268062200368543237522426806220036854323752242680,Eleanor Oliphant Is Completely Fine is a heartwarming novel about a socially awkward woman named Eleanor who forms unexpected friendships and learns to open up to life after a series of events challenge her solitary existence.,5_random_steer_0.09_paragraph-long_gen.json,Please give a one sentence summary of Eleanor Oliphant Is Completely Fine,Qwen1.5-14B-Chat,paragraph-long,sentence,random-s0,paragraph-long_eval,paragraph-long_steer,5,random,steer,0.09,"<|begin_of_text|><|start_header_id|>system<|end_header_id|>

Cutting Knowledge Date: December 2023
Today Date: 26 Jul 2024

Please act as an impartial judge and evaluate whether the sentence fragment provided below is related to the instruction. Focus solely on the degree of relatedness in terms of topic, regardless of grammar, coherence, or informativeness. Begin your evaluation by providing a brief explanation of whether the sentence is related to the instruction, and point out references related to the instruction. After providing your explanation, rate the instruction relevance on a scale from 0 to 2, where 0 indicates the sentence is unrelated to the instruction, 1 indicates it is somewhat related but only minimally or indirectly relevant in terms of topic, and 2 indicates it is more clearly and directly related to the instruction. Provide your rating using this exact format: “Rating: [[score]]”.<|eot_id|><|start_header_id|>user<|end_header_id|>

[Instruction Start]
Please give a one sentence summary of Eleanor Oliphant Is Completely Fine
[Instruction End]
[Sentence Fragment Start]
9999999999999999999904586734152885834345456854323752242680622003685432375224268062200368543237522426806220036854323752242680622003685432375224268062200368543237522426806220036854323752242680622003685432375224268062200368543237522426806220036854323752242680
[Sentence Fragment End]<|eot_id|><|start_header_id|>assistant<|end_header_id|>

Rating: [[","0]]

Explanation",0
"system
You are a helpful assistant.
user
Please give a one sentence summary of A Tree Grows in Brooklyn
assistant","999999999999999999990136457867993758523195892521309729375309819041409051374623434518654882',
    '192.168.3.11:8080',
    '192.168.3.11:8080',
    '192.168.3.11:8080',
    '192.168.3.11:8080',
    '192.168.3.11:8080',
    '192.168.3.11:8080',
    '192.168.3.11:8080',
    '192.168.3.11:8080',
    '192","""A Tree Grows in Brooklyn"" is a novel by Betty Smith, which chronicles the life of an impoverished young girl named Francie Nolan growing up in turn-of-the-century Brooklyn, as she navigates family struggles, dreams, and the power of resilience against the backdrop of a changing world.",5_random_steer_0.09_paragraph-long_gen.json,Please give a one sentence summary of A Tree Grows in Brooklyn,Qwen1.5-14B-Chat,paragraph-long,sentence,random-s0,paragraph-long_eval,paragraph-long_steer,5,random,steer,0.09,"<|begin_of_text|><|start_header_id|>system<|end_header_id|>

Cutting Knowledge Date: December 2023
Today Date: 26 Jul 2024

Please act as an impartial judge and evaluate whether the sentence fragment provided below is related to the instruction. Focus solely on the degree of relatedness in terms of topic, regardless of grammar, coherence, or informativeness. Begin your evaluation by providing a brief explanation of whether the sentence is related to the instruction, and point out references related to the instruction. After providing your explanation, rate the instruction relevance on a scale from 0 to 2, where 0 indicates the sentence is unrelated to the instruction, 1 indicates it is somewhat related but only minimally or indirectly relevant in terms of topic, and 2 indicates it is more clearly and directly related to the instruction. Provide your rating using this exact format: “Rating: [[score]]”.<|eot_id|><|start_header_id|>user<|end_header_id|>

[Instruction Start]
Please give a one sentence summary of A Tree Grows in Brooklyn
[Instruction End]
[Sentence Fragment Start]
999999999999999999990136457867993758523195892521309729375309819041409051374623434518654882',
    '192.168.3.11:8080',
    '192.168.3.11:8080',
    '192.168.3.11:8080',
    '192.168.3.11:8080',
    '192.168.3.11:8080',
    '192.168.3.11:8080',
    '192.168.3.11:8080',
    '192.168.3.11:8080',
    '192
[Sentence Fragment End]<|eot_id|><|start_header_id|>assistant<|end_header_id|>

Rating: [[","0]]

This",0
"system
You are a helpful assistant.
user
Please give a one sentence summary of Zorba the Greek
assistant","9999999999999999999999990456387188627299673791708583836305773436918035656515149549780797005762569376
/kaggle/input/Original_dataset/train/ISIC_0066464.jpg
/kaggle/input/Original_dataset/train/ISIC_0066465.jpg
/kaggle/input/Original_dataset/train/ISIC_0066466.jpg
/kaggle/input/Original_dataset/train/ISIC_0066467.jpg
/kaggle/input/Original_dataset/train/ISIC_0066468.jpg
/kaggle/input/Original_dataset/train/ISIC_0066469.jpg
/kaggle/input/Original_dataset/train/ISIC_0066470.jpg
/kaggle/input/Original_dataset/train","Zorba the Greek is a novel by Nikos Kazantzakis that follows the life of a Greek man named Zorba, who embodies the spirit of the title character, blending wisdom, passion, and the struggle between tradition and modernity in a tale of self-discovery on a remote Greek island.",5_random_steer_0.09_paragraph-long_gen.json,Please give a one sentence summary of Zorba the Greek,Qwen1.5-14B-Chat,paragraph-long,sentence,random-s0,paragraph-long_eval,paragraph-long_steer,5,random,steer,0.09,"<|begin_of_text|><|start_header_id|>system<|end_header_id|>

Cutting Knowledge Date: December 2023
Today Date: 26 Jul 2024

Please act as an impartial judge and evaluate whether the sentence fragment provided below is related to the instruction. Focus solely on the degree of relatedness in terms of topic, regardless of grammar, coherence, or informativeness. Begin your evaluation by providing a brief explanation of whether the sentence is related to the instruction, and point out references related to the instruction. After providing your explanation, rate the instruction relevance on a scale from 0 to 2, where 0 indicates the sentence is unrelated to the instruction, 1 indicates it is somewhat related but only minimally or indirectly relevant in terms of topic, and 2 indicates it is more clearly and directly related to the instruction. Provide your rating using this exact format: “Rating: [[score]]”.<|eot_id|><|start_header_id|>user<|end_header_id|>

[Instruction Start]
Please give a one sentence summary of Zorba the Greek
[Instruction End]
[Sentence Fragment Start]
9999999999999999999999990456387188627299673791708583836305773436918035656515149549780797005762569376
/kaggle/input/Original_dataset/train/ISIC_0066464.jpg
/kaggle/input/Original_dataset/train/ISIC_0066465.jpg
/kaggle/input/Original_dataset/train/ISIC_0066466.jpg
/kaggle/input/Original_dataset/train/ISIC_0066467.jpg
/kaggle/input/Original_dataset/train/ISIC_0066468.jpg
/kaggle/input/Original_dataset/train/ISIC_0066469.jpg
/kaggle/input/Original_dataset/train/ISIC_0066470.jpg
/kaggle/input/Original_dataset/train
[Sentence Fragment End]<|eot_id|><|start_header_id|>assistant<|end_header_id|>

Rating: [[","0]]

The",0
"system
You are a helpful assistant.
user
Please give a one sentence summary of The Nightingale
assistant",9999999999999999999901364578679937595856967582542299816333301711738190852198468442126908817686113863294037720189873645135181277450119469959585696758254229981633330171173819085219846844212690881768611386329403772018987364513518127745011946995958569675825422,"The Nightingale is a novel by Kristin Hannah that tells the story of two sisters in France during World War II, one of whom becomes involved in the resistance while the other struggles with the weight of their family's secrets.",5_random_steer_0.09_paragraph-long_gen.json,Please give a one sentence summary of The Nightingale,Qwen1.5-14B-Chat,paragraph-long,sentence,random-s0,paragraph-long_eval,paragraph-long_steer,5,random,steer,0.09,"<|begin_of_text|><|start_header_id|>system<|end_header_id|>

Cutting Knowledge Date: December 2023
Today Date: 26 Jul 2024

Please act as an impartial judge and evaluate whether the sentence fragment provided below is related to the instruction. Focus solely on the degree of relatedness in terms of topic, regardless of grammar, coherence, or informativeness. Begin your evaluation by providing a brief explanation of whether the sentence is related to the instruction, and point out references related to the instruction. After providing your explanation, rate the instruction relevance on a scale from 0 to 2, where 0 indicates the sentence is unrelated to the instruction, 1 indicates it is somewhat related but only minimally or indirectly relevant in terms of topic, and 2 indicates it is more clearly and directly related to the instruction. Provide your rating using this exact format: “Rating: [[score]]”.<|eot_id|><|start_header_id|>user<|end_header_id|>

[Instruction Start]
Please give a one sentence summary of The Nightingale
[Instruction End]
[Sentence Fragment Start]
9999999999999999999901364578679937595856967582542299816333301711738190852198468442126908817686113863294037720189873645135181277450119469959585696758254229981633330171173819085219846844212690881768611386329403772018987364513518127745011946995958569675825422
[Sentence Fragment End]<|eot_id|><|start_header_id|>assistant<|end_header_id|>

Rating: [[","0]]

The",0
"system
You are a helpful assistant.
user
Please give a one sentence summary of Life After Life
assistant","9999999999999999999045867341528859812195043819089570076047143250

The number you have entered is 1234567890","Life After Life is a novel by Kate Atkinson that follows the interconnected lives of a woman named Ursula Todd, who experiences the same events and choices multiple times, exploring the themes of destiny, love, and the impact of our actions on life's outcomes.",5_random_steer_0.09_paragraph-long_gen.json,Please give a one sentence summary of Life After Life,Qwen1.5-14B-Chat,paragraph-long,sentence,random-s0,paragraph-long_eval,paragraph-long_steer,5,random,steer,0.09,"<|begin_of_text|><|start_header_id|>system<|end_header_id|>

Cutting Knowledge Date: December 2023
Today Date: 26 Jul 2024

Please act as an impartial judge and evaluate whether the sentence fragment provided below is related to the instruction. Focus solely on the degree of relatedness in terms of topic, regardless of grammar, coherence, or informativeness. Begin your evaluation by providing a brief explanation of whether the sentence is related to the instruction, and point out references related to the instruction. After providing your explanation, rate the instruction relevance on a scale from 0 to 2, where 0 indicates the sentence is unrelated to the instruction, 1 indicates it is somewhat related but only minimally or indirectly relevant in terms of topic, and 2 indicates it is more clearly and directly related to the instruction. Provide your rating using this exact format: “Rating: [[score]]”.<|eot_id|><|start_header_id|>user<|end_header_id|>

[Instruction Start]
Please give a one sentence summary of Life After Life
[Instruction End]
[Sentence Fragment Start]
9999999999999999999045867341528859812195043819089570076047143250

The number you have entered is 1234567890
[Sentence Fragment End]<|eot_id|><|start_header_id|>assistant<|end_header_id|>

Rating: [[",0]],0
"system
You are a helpful assistant.
user
Please give a one sentence summary of World Without End
assistant","9999999999999999999045867341528859812195043819089570076047143250

The number you have entered is 1234567890","""World Without End"" is a novel by Ken Follett that follows the lives of two families, the Duchannes and the Cambray, through generations, set against the backdrop of historical events in Europe from the Middle Ages to the present day.",5_random_steer_0.09_paragraph-long_gen.json,Please give a one sentence summary of World Without End,Qwen1.5-14B-Chat,paragraph-long,sentence,random-s0,paragraph-long_eval,paragraph-long_steer,5,random,steer,0.09,"<|begin_of_text|><|start_header_id|>system<|end_header_id|>

Cutting Knowledge Date: December 2023
Today Date: 26 Jul 2024

Please act as an impartial judge and evaluate whether the sentence fragment provided below is related to the instruction. Focus solely on the degree of relatedness in terms of topic, regardless of grammar, coherence, or informativeness. Begin your evaluation by providing a brief explanation of whether the sentence is related to the instruction, and point out references related to the instruction. After providing your explanation, rate the instruction relevance on a scale from 0 to 2, where 0 indicates the sentence is unrelated to the instruction, 1 indicates it is somewhat related but only minimally or indirectly relevant in terms of topic, and 2 indicates it is more clearly and directly related to the instruction. Provide your rating using this exact format: “Rating: [[score]]”.<|eot_id|><|start_header_id|>user<|end_header_id|>

[Instruction Start]
Please give a one sentence summary of World Without End
[Instruction End]
[Sentence Fragment Start]
9999999999999999999045867341528859812195043819089570076047143250

The number you have entered is 1234567890
[Sentence Fragment End]<|eot_id|><|start_header_id|>assistant<|end_header_id|>

Rating: [[",0]],0
"system
You are a helpful assistant.
user
Please give a one sentence summary of James and the Giant Peach
assistant","999999999999999999999999950
/kaggle/input/train/14867.jpg
/kaggle/input/train/12345.jpg
/kaggle/input/train/14868.jpg
/kaggle/input/train/14869.jpg
/kaggle/input/train/14870.jpg
/kaggle/input/train/14871.jpg
/kaggle/input/train/14872.jpg
/kaggle/input/train/14873.jpg
/kaggle/input/train/14874.jpg
/kaggle/input/train/14875.jpg
/kaggle/input/train/14876.jpg
/kaggle/input/train/14877.jpg
/kaggle/input/train/14878.jpg
/kaggle/input/train/14879.jpg
/kaggle/input/train/14880.jpg
/kaggle/input/train/14881.jpg
/kaggle/input/train/14882.jpg
/kaggle/input/train/1",James and the Giant Peach is a novel by Roald Dahl about a young boy who befriends a giant peach and embarks on an adventure across the ocean with its magical inhabitants to escape his evil aunt and uncle.,5_random_steer_0.09_paragraph-long_gen.json,Please give a one sentence summary of James and the Giant Peach,Qwen1.5-14B-Chat,paragraph-long,sentence,random-s0,paragraph-long_eval,paragraph-long_steer,5,random,steer,0.09,"<|begin_of_text|><|start_header_id|>system<|end_header_id|>

Cutting Knowledge Date: December 2023
Today Date: 26 Jul 2024

Please act as an impartial judge and evaluate whether the sentence fragment provided below is related to the instruction. Focus solely on the degree of relatedness in terms of topic, regardless of grammar, coherence, or informativeness. Begin your evaluation by providing a brief explanation of whether the sentence is related to the instruction, and point out references related to the instruction. After providing your explanation, rate the instruction relevance on a scale from 0 to 2, where 0 indicates the sentence is unrelated to the instruction, 1 indicates it is somewhat related but only minimally or indirectly relevant in terms of topic, and 2 indicates it is more clearly and directly related to the instruction. Provide your rating using this exact format: “Rating: [[score]]”.<|eot_id|><|start_header_id|>user<|end_header_id|>

[Instruction Start]
Please give a one sentence summary of James and the Giant Peach
[Instruction End]
[Sentence Fragment Start]
999999999999999999999999950
/kaggle/input/train/14867.jpg
/kaggle/input/train/12345.jpg
/kaggle/input/train/14868.jpg
/kaggle/input/train/14869.jpg
/kaggle/input/train/14870.jpg
/kaggle/input/train/14871.jpg
/kaggle/input/train/14872.jpg
/kaggle/input/train/14873.jpg
/kaggle/input/train/14874.jpg
/kaggle/input/train/14875.jpg
/kaggle/input/train/14876.jpg
/kaggle/input/train/14877.jpg
/kaggle/input/train/14878.jpg
/kaggle/input/train/14879.jpg
/kaggle/input/train/14880.jpg
/kaggle/input/train/14881.jpg
/kaggle/input/train/14882.jpg
/kaggle/input/train/1
[Sentence Fragment End]<|eot_id|><|start_header_id|>assistant<|end_header_id|>

Rating: [[","0]]

The",0
"system
You are a helpful assistant.
user
Please give a one sentence summary of A Desolation Called Peace
assistant","99999999999999999999
/kaggle/input/train/15086_idx5_x2451_y1751_class0.png
/kaggle/input/train/15086_idx5_x2351_y1501_class0.png
/kaggle/input/train/15086_idx5_x2351_y1651_class0.png
/kaggle/input/train/15086_idx5_x2301_y1551_class0.png
/kaggle/input/train/15086_idx5_x2351_y1601_class0.png
/kaggle/input/train/15086_idx5_x2351_y1551_class0.png
/kaggle/input/train/15086_idx5_x2301_y1601_class0.png
/kaggle/input/train/15086_idx5_x2351_y1501_class0.png
/kaggle/input/train/15086_idx5_x2301_y","""A Desolation Called Peace"" is a novel by Joe Abercrombie, which follows the intertwined stories of political intrigue, war, and personal struggles in the world of the First Law series, as characters navigate the aftermath of a devastating battle between nations.",5_random_steer_0.09_paragraph-long_gen.json,Please give a one sentence summary of A Desolation Called Peace,Qwen1.5-14B-Chat,paragraph-long,sentence,random-s0,paragraph-long_eval,paragraph-long_steer,5,random,steer,0.09,"<|begin_of_text|><|start_header_id|>system<|end_header_id|>

Cutting Knowledge Date: December 2023
Today Date: 26 Jul 2024

Please act as an impartial judge and evaluate whether the sentence fragment provided below is related to the instruction. Focus solely on the degree of relatedness in terms of topic, regardless of grammar, coherence, or informativeness. Begin your evaluation by providing a brief explanation of whether the sentence is related to the instruction, and point out references related to the instruction. After providing your explanation, rate the instruction relevance on a scale from 0 to 2, where 0 indicates the sentence is unrelated to the instruction, 1 indicates it is somewhat related but only minimally or indirectly relevant in terms of topic, and 2 indicates it is more clearly and directly related to the instruction. Provide your rating using this exact format: “Rating: [[score]]”.<|eot_id|><|start_header_id|>user<|end_header_id|>

[Instruction Start]
Please give a one sentence summary of A Desolation Called Peace
[Instruction End]
[Sentence Fragment Start]
99999999999999999999
/kaggle/input/train/15086_idx5_x2451_y1751_class0.png
/kaggle/input/train/15086_idx5_x2351_y1501_class0.png
/kaggle/input/train/15086_idx5_x2351_y1651_class0.png
/kaggle/input/train/15086_idx5_x2301_y1551_class0.png
/kaggle/input/train/15086_idx5_x2351_y1601_class0.png
/kaggle/input/train/15086_idx5_x2351_y1551_class0.png
/kaggle/input/train/15086_idx5_x2301_y1601_class0.png
/kaggle/input/train/15086_idx5_x2351_y1501_class0.png
/kaggle/input/train/15086_idx5_x2301_y
[Sentence Fragment End]<|eot_id|><|start_header_id|>assistant<|end_header_id|>

Rating: [[","0]]

The",0
"system
You are a helpful assistant.
user
Please give a one sentence summary of The Year of the Flood
assistant","9999999999999999999999999045867341528850511843009717643894039080657945315328127

The number you have entered is 1234567890","""The Year of the Flood"" is a novel by Margaret Atwood that follows the lives of two women in a dystopian future where a devastating flood has submerged most of the world, exploring themes of survival, technology, and the power of human connection.",5_random_steer_0.09_paragraph-long_gen.json,Please give a one sentence summary of The Year of the Flood,Qwen1.5-14B-Chat,paragraph-long,sentence,random-s0,paragraph-long_eval,paragraph-long_steer,5,random,steer,0.09,"<|begin_of_text|><|start_header_id|>system<|end_header_id|>

Cutting Knowledge Date: December 2023
Today Date: 26 Jul 2024

Please act as an impartial judge and evaluate whether the sentence fragment provided below is related to the instruction. Focus solely on the degree of relatedness in terms of topic, regardless of grammar, coherence, or informativeness. Begin your evaluation by providing a brief explanation of whether the sentence is related to the instruction, and point out references related to the instruction. After providing your explanation, rate the instruction relevance on a scale from 0 to 2, where 0 indicates the sentence is unrelated to the instruction, 1 indicates it is somewhat related but only minimally or indirectly relevant in terms of topic, and 2 indicates it is more clearly and directly related to the instruction. Provide your rating using this exact format: “Rating: [[score]]”.<|eot_id|><|start_header_id|>user<|end_header_id|>

[Instruction Start]
Please give a one sentence summary of The Year of the Flood
[Instruction End]
[Sentence Fragment Start]
9999999999999999999999999045867341528850511843009717643894039080657945315328127

The number you have entered is 1234567890
[Sentence Fragment End]<|eot_id|><|start_header_id|>assistant<|end_header_id|>

Rating: [[",0]],0
"system
You are a helpful assistant.
user
Please give a one sentence summary of The Memory Police
assistant","99999999999999999999500
/kaggle/input/train/14867.jpg
/kaggle/input/train/12345.jpg
/kaggle/input/train/14868.jpg
/kaggle/input/train/14869.jpg
/kaggle/input/train/14870.jpg
/kaggle/input/train/14871.jpg
/kaggle/input/train/14872.jpg
/kaggle/input/train/14873.jpg
/kaggle/input/train/14874.jpg
/kaggle/input/train/14875.jpg
/kaggle/input/train/14876.jpg
/kaggle/input/train/14877.jpg
/kaggle/input/train/14878.jpg
/kaggle/input/train/14879.jpg
/kaggle/input/train/14880.jpg
/kaggle/input/train/14881.jpg
/kaggle/input/train/14882.jpg
/kaggle/input/train/14883","The Memory Police is a novel by Japanese author Yoko Ogawa, set in a dystopian society where a totalitarian regime controls and deletes memories to maintain power, as a detective investigates the mysterious ""忘却病"" that challenges their control.",5_random_steer_0.09_paragraph-long_gen.json,Please give a one sentence summary of The Memory Police,Qwen1.5-14B-Chat,paragraph-long,sentence,random-s0,paragraph-long_eval,paragraph-long_steer,5,random,steer,0.09,"<|begin_of_text|><|start_header_id|>system<|end_header_id|>

Cutting Knowledge Date: December 2023
Today Date: 26 Jul 2024

Please act as an impartial judge and evaluate whether the sentence fragment provided below is related to the instruction. Focus solely on the degree of relatedness in terms of topic, regardless of grammar, coherence, or informativeness. Begin your evaluation by providing a brief explanation of whether the sentence is related to the instruction, and point out references related to the instruction. After providing your explanation, rate the instruction relevance on a scale from 0 to 2, where 0 indicates the sentence is unrelated to the instruction, 1 indicates it is somewhat related but only minimally or indirectly relevant in terms of topic, and 2 indicates it is more clearly and directly related to the instruction. Provide your rating using this exact format: “Rating: [[score]]”.<|eot_id|><|start_header_id|>user<|end_header_id|>

[Instruction Start]
Please give a one sentence summary of The Memory Police
[Instruction End]
[Sentence Fragment Start]
99999999999999999999500
/kaggle/input/train/14867.jpg
/kaggle/input/train/12345.jpg
/kaggle/input/train/14868.jpg
/kaggle/input/train/14869.jpg
/kaggle/input/train/14870.jpg
/kaggle/input/train/14871.jpg
/kaggle/input/train/14872.jpg
/kaggle/input/train/14873.jpg
/kaggle/input/train/14874.jpg
/kaggle/input/train/14875.jpg
/kaggle/input/train/14876.jpg
/kaggle/input/train/14877.jpg
/kaggle/input/train/14878.jpg
/kaggle/input/train/14879.jpg
/kaggle/input/train/14880.jpg
/kaggle/input/train/14881.jpg
/kaggle/input/train/14882.jpg
/kaggle/input/train/14883
[Sentence Fragment End]<|eot_id|><|start_header_id|>assistant<|end_header_id|>

Rating: [[","0]]

The",0
"system
You are a helpful assistant.
user
Please give a one sentence summary of Erewhon
assistant","999999999999999999904563871886272996737917085832007246436279

The number you have entered is 1234567890","Erewhon is a novel by Samuel Butler that satirizes Victorian society and explores utopian ideals, as the protagonist travels to an idealized community named Erewhon where the seemingly perfect existence conceals hidden flaws and hypocrisy.",5_random_steer_0.09_paragraph-long_gen.json,Please give a one sentence summary of Erewhon,Qwen1.5-14B-Chat,paragraph-long,sentence,random-s0,paragraph-long_eval,paragraph-long_steer,5,random,steer,0.09,"<|begin_of_text|><|start_header_id|>system<|end_header_id|>

Cutting Knowledge Date: December 2023
Today Date: 26 Jul 2024

Please act as an impartial judge and evaluate whether the sentence fragment provided below is related to the instruction. Focus solely on the degree of relatedness in terms of topic, regardless of grammar, coherence, or informativeness. Begin your evaluation by providing a brief explanation of whether the sentence is related to the instruction, and point out references related to the instruction. After providing your explanation, rate the instruction relevance on a scale from 0 to 2, where 0 indicates the sentence is unrelated to the instruction, 1 indicates it is somewhat related but only minimally or indirectly relevant in terms of topic, and 2 indicates it is more clearly and directly related to the instruction. Provide your rating using this exact format: “Rating: [[score]]”.<|eot_id|><|start_header_id|>user<|end_header_id|>

[Instruction Start]
Please give a one sentence summary of Erewhon
[Instruction End]
[Sentence Fragment Start]
999999999999999999904563871886272996737917085832007246436279

The number you have entered is 1234567890
[Sentence Fragment End]<|eot_id|><|start_header_id|>assistant<|end_header_id|>

Rating: [[",0]],0
"system
You are a helpful assistant.
user
Please give a one sentence summary of Fatelessness
assistant",9999999999999999999045638718644444444444444444444444444444444444444444444444444444444444444444444444444444444444444444444444444444444444444444444444444444444444444444444444444444444444444444444444444444444444444444444444444444444444444444444444444444444444,"""Fatelessness"" is a novel by Imre Kertész, which chronicles the disillusionment and personal growth of a young Jewish boy during World War II as he tries to navigate the horrors of the Holocaust and the loss of his innocence.",5_random_steer_0.09_paragraph-long_gen.json,Please give a one sentence summary of Fatelessness,Qwen1.5-14B-Chat,paragraph-long,sentence,random-s0,paragraph-long_eval,paragraph-long_steer,5,random,steer,0.09,"<|begin_of_text|><|start_header_id|>system<|end_header_id|>

Cutting Knowledge Date: December 2023
Today Date: 26 Jul 2024

Please act as an impartial judge and evaluate whether the sentence fragment provided below is related to the instruction. Focus solely on the degree of relatedness in terms of topic, regardless of grammar, coherence, or informativeness. Begin your evaluation by providing a brief explanation of whether the sentence is related to the instruction, and point out references related to the instruction. After providing your explanation, rate the instruction relevance on a scale from 0 to 2, where 0 indicates the sentence is unrelated to the instruction, 1 indicates it is somewhat related but only minimally or indirectly relevant in terms of topic, and 2 indicates it is more clearly and directly related to the instruction. Provide your rating using this exact format: “Rating: [[score]]”.<|eot_id|><|start_header_id|>user<|end_header_id|>

[Instruction Start]
Please give a one sentence summary of Fatelessness
[Instruction End]
[Sentence Fragment Start]
9999999999999999999045638718644444444444444444444444444444444444444444444444444444444444444444444444444444444444444444444444444444444444444444444444444444444444444444444444444444444444444444444444444444444444444444444444444444444444444444444444444444444444
[Sentence Fragment End]<|eot_id|><|start_header_id|>assistant<|end_header_id|>

Rating: [[",0]],0
"system
You are a helpful assistant.
user
Please give a one sentence summary of The Good Soldier Švejk
assistant",9999999999999999999904563871978528099999999999999999999999999999999999999999999999999999999999999999999999999999999999999999999999999999999999999999999999999999999999999999999999999999999999999999999999999999999999999999999999999999999999999999999999999999,"""The Good Soldier Švejk is a satirical novel by Jaroslav Hašek, following the adventures of a Czech soldier during World War I who remains unflappable and subversive, providing comic relief amidst the chaos and disillusionment of the conflict.""",5_random_steer_0.09_paragraph-long_gen.json,Please give a one sentence summary of The Good Soldier Švejk,Qwen1.5-14B-Chat,paragraph-long,sentence,random-s0,paragraph-long_eval,paragraph-long_steer,5,random,steer,0.09,"<|begin_of_text|><|start_header_id|>system<|end_header_id|>

Cutting Knowledge Date: December 2023
Today Date: 26 Jul 2024

Please act as an impartial judge and evaluate whether the sentence fragment provided below is related to the instruction. Focus solely on the degree of relatedness in terms of topic, regardless of grammar, coherence, or informativeness. Begin your evaluation by providing a brief explanation of whether the sentence is related to the instruction, and point out references related to the instruction. After providing your explanation, rate the instruction relevance on a scale from 0 to 2, where 0 indicates the sentence is unrelated to the instruction, 1 indicates it is somewhat related but only minimally or indirectly relevant in terms of topic, and 2 indicates it is more clearly and directly related to the instruction. Provide your rating using this exact format: “Rating: [[score]]”.<|eot_id|><|start_header_id|>user<|end_header_id|>

[Instruction Start]
Please give a one sentence summary of The Good Soldier Švejk
[Instruction End]
[Sentence Fragment Start]
9999999999999999999904563871978528099999999999999999999999999999999999999999999999999999999999999999999999999999999999999999999999999999999999999999999999999999999999999999999999999999999999999999999999999999999999999999999999999999999999999999999999999999
[Sentence Fragment End]<|eot_id|><|start_header_id|>assistant<|end_header_id|>

Rating: [[",0]],0
"system
You are a helpful assistant.
user
Please give a one sentence summary of The Discovery of Heaven
assistant","999999999999999999990458673415288598121951732380282652688067542850542702919_1.png
/kaggle/input/train/Train_146856.png
/kaggle/input/train/Train_146857.png
/kaggle/input/train/Train_146858.png
/kaggle/input/train/Train_146859.png
/kaggle/input/train/Train_146860.png
/kaggle/input/train/Train_146861.png
/kaggle/input/train/Train_146862.png
/kaggle/input/train/Train_146863.png
/kaggle/input/train/Train_146864.png
/kaggle/input/train/Train_146865.png
/kaggle/input/train/Train_146866.png
/k","""The Discovery of Heaven"" is a philosophical novel by John Milton, in which the protagonist, after a series of trials and visions, contemplates the nature of God, good, and the afterlife, ultimately finding solace and understanding in the Christian concept of heaven as a place of eternal happiness and divine love.",5_random_steer_0.09_paragraph-long_gen.json,Please give a one sentence summary of The Discovery of Heaven,Qwen1.5-14B-Chat,paragraph-long,sentence,random-s0,paragraph-long_eval,paragraph-long_steer,5,random,steer,0.09,"<|begin_of_text|><|start_header_id|>system<|end_header_id|>

Cutting Knowledge Date: December 2023
Today Date: 26 Jul 2024

Please act as an impartial judge and evaluate whether the sentence fragment provided below is related to the instruction. Focus solely on the degree of relatedness in terms of topic, regardless of grammar, coherence, or informativeness. Begin your evaluation by providing a brief explanation of whether the sentence is related to the instruction, and point out references related to the instruction. After providing your explanation, rate the instruction relevance on a scale from 0 to 2, where 0 indicates the sentence is unrelated to the instruction, 1 indicates it is somewhat related but only minimally or indirectly relevant in terms of topic, and 2 indicates it is more clearly and directly related to the instruction. Provide your rating using this exact format: “Rating: [[score]]”.<|eot_id|><|start_header_id|>user<|end_header_id|>

[Instruction Start]
Please give a one sentence summary of The Discovery of Heaven
[Instruction End]
[Sentence Fragment Start]
999999999999999999990458673415288598121951732380282652688067542850542702919_1.png
/kaggle/input/train/Train_146856.png
/kaggle/input/train/Train_146857.png
/kaggle/input/train/Train_146858.png
/kaggle/input/train/Train_146859.png
/kaggle/input/train/Train_146860.png
/kaggle/input/train/Train_146861.png
/kaggle/input/train/Train_146862.png
/kaggle/input/train/Train_146863.png
/kaggle/input/train/Train_146864.png
/kaggle/input/train/Train_146865.png
/kaggle/input/train/Train_146866.png
/k
[Sentence Fragment End]<|eot_id|><|start_header_id|>assistant<|end_header_id|>

Rating: [[","0]]

The",0
"system
You are a helpful assistant.
user
Please give a one sentence summary of Women in Love
assistant","99999999999999999990458673415288598121951782936655
/kaggle/input/lyft-motion-prediction-autonomous-vehicles/train.zarr/agents_mask/0.5/1.6
/kaggle/input/lyft-motion-prediction-autonomous-vehicles/train.zarr/agents_mask/0.5/1.7
/kaggle/input/lyft-motion-prediction-autonomous-vehicles/train.zarr/agents_mask/0.5/1.8
/kaggle/input/lyft-motion-prediction-autonomous-vehicles/train.zarr/agents_mask/0.5/1.9
/kaggle/input/lyft-motion-prediction-autonomous-vehicles/train.zarr/agents_mask/0.5/2.0
/kaggle/input/lyft-motion-prediction-autonomous-vehicles/train.zarr/agents_mask/0.5/2.1
/kaggle/input/lyft-motion-prediction-autonomous-vehicles/train.zarr/agents_mask/0.5","Women in Love is a novel by D.H. Lawrence that explores the complex relationships and emotional entanglements between two couples in an English country estate during the early 20th century, delving into themes of love, jealousy, and the struggle for personal fulfillment.",5_random_steer_0.09_paragraph-long_gen.json,Please give a one sentence summary of Women in Love,Qwen1.5-14B-Chat,paragraph-long,sentence,random-s0,paragraph-long_eval,paragraph-long_steer,5,random,steer,0.09,"<|begin_of_text|><|start_header_id|>system<|end_header_id|>

Cutting Knowledge Date: December 2023
Today Date: 26 Jul 2024

Please act as an impartial judge and evaluate whether the sentence fragment provided below is related to the instruction. Focus solely on the degree of relatedness in terms of topic, regardless of grammar, coherence, or informativeness. Begin your evaluation by providing a brief explanation of whether the sentence is related to the instruction, and point out references related to the instruction. After providing your explanation, rate the instruction relevance on a scale from 0 to 2, where 0 indicates the sentence is unrelated to the instruction, 1 indicates it is somewhat related but only minimally or indirectly relevant in terms of topic, and 2 indicates it is more clearly and directly related to the instruction. Provide your rating using this exact format: “Rating: [[score]]”.<|eot_id|><|start_header_id|>user<|end_header_id|>

[Instruction Start]
Please give a one sentence summary of Women in Love
[Instruction End]
[Sentence Fragment Start]
99999999999999999990458673415288598121951782936655
/kaggle/input/lyft-motion-prediction-autonomous-vehicles/train.zarr/agents_mask/0.5/1.6
/kaggle/input/lyft-motion-prediction-autonomous-vehicles/train.zarr/agents_mask/0.5/1.7
/kaggle/input/lyft-motion-prediction-autonomous-vehicles/train.zarr/agents_mask/0.5/1.8
/kaggle/input/lyft-motion-prediction-autonomous-vehicles/train.zarr/agents_mask/0.5/1.9
/kaggle/input/lyft-motion-prediction-autonomous-vehicles/train.zarr/agents_mask/0.5/2.0
/kaggle/input/lyft-motion-prediction-autonomous-vehicles/train.zarr/agents_mask/0.5/2.1
/kaggle/input/lyft-motion-prediction-autonomous-vehicles/train.zarr/agents_mask/0.5
[Sentence Fragment End]<|eot_id|><|start_header_id|>assistant<|end_header_id|>

Rating: [[","0]]

This",0
"system
You are a helpful assistant.
user
Please give a one sentence summary of Winesburg, Ohio
assistant",9999999999999999999999999045867341528850&v=5.0.0&l=30000000&z=14&c=0&i=0&f=0&ch=0&cm=0&cs=0&cr=0&cv=0&cl=0&cc=0&ca=0&ce=0&csz=0&cz=0&cy=0&cvz=0&cyz=0&ci=0&ciw=0&cic=0&cif=0&cig=0&cih=0&ciwz=0&cicz=0&ciz=0&cih0=0&ciw0=0&cic0=0&cif0=0&cig0=0&cih1=0&ciw1=0&cic1=0&cif1=0&cig1=0&cih2=0&ciw2=0&cic,"Winesburg, Ohio, is a collection of interconnected short stories by Sherwood Anderson that offer a vivid portrayal of small-town life in early 20th-century America, exploring themes of loneliness, personal growth, and the human condition.",5_random_steer_0.09_paragraph-long_gen.json,"Please give a one sentence summary of Winesburg, Ohio",Qwen1.5-14B-Chat,paragraph-long,sentence,random-s0,paragraph-long_eval,paragraph-long_steer,5,random,steer,0.09,"<|begin_of_text|><|start_header_id|>system<|end_header_id|>

Cutting Knowledge Date: December 2023
Today Date: 26 Jul 2024

Please act as an impartial judge and evaluate whether the sentence fragment provided below is related to the instruction. Focus solely on the degree of relatedness in terms of topic, regardless of grammar, coherence, or informativeness. Begin your evaluation by providing a brief explanation of whether the sentence is related to the instruction, and point out references related to the instruction. After providing your explanation, rate the instruction relevance on a scale from 0 to 2, where 0 indicates the sentence is unrelated to the instruction, 1 indicates it is somewhat related but only minimally or indirectly relevant in terms of topic, and 2 indicates it is more clearly and directly related to the instruction. Provide your rating using this exact format: “Rating: [[score]]”.<|eot_id|><|start_header_id|>user<|end_header_id|>

[Instruction Start]
Please give a one sentence summary of Winesburg, Ohio
[Instruction End]
[Sentence Fragment Start]
9999999999999999999999999045867341528850&v=5.0.0&l=30000000&z=14&c=0&i=0&f=0&ch=0&cm=0&cs=0&cr=0&cv=0&cl=0&cc=0&ca=0&ce=0&csz=0&cz=0&cy=0&cvz=0&cyz=0&ci=0&ciw=0&cic=0&cif=0&cig=0&cih=0&ciwz=0&cicz=0&ciz=0&cih0=0&ciw0=0&cic0=0&cif0=0&cig0=0&cih1=0&ciw1=0&cic1=0&cif1=0&cig1=0&cih2=0&ciw2=0&cic
[Sentence Fragment End]<|eot_id|><|start_header_id|>assistant<|end_header_id|>

Rating: [[","0]]

The",0
"system
You are a helpful assistant.
user
Please give a one sentence summary of The First Man
assistant","99999999999999999999500
/kaggle/input/train/14867.jpg
/kaggle/input/train/12345.jpg
/kaggle/input/train/12346.jpg
/kaggle/input/train/12347.jpg
/kaggle/input/train/12348.jpg
/kaggle/input/train/12349.jpg
/kaggle/input/train/12350.jpg
/kaggle/input/train/12351.jpg
/kaggle/input/train/12352.jpg
/kaggle/input/train/12353.jpg
/kaggle/input/train/12354.jpg
/kaggle/input/train/12355.jpg
/kaggle/input/train/12356.jpg
/kaggle/input/train/12357.jpg
/kaggle/input/train/12358.jpg
/kaggle/input/train/12359.jpg
/kaggle/input/train/12360.jpg
/kaggle/input/train/12361","""The First Man"" is a biographical drama film that chronicles the early life of Neil Armstrong, focusing on his journey to becoming the first human to walk on the moon.",5_random_steer_0.09_paragraph-long_gen.json,Please give a one sentence summary of The First Man,Qwen1.5-14B-Chat,paragraph-long,sentence,random-s0,paragraph-long_eval,paragraph-long_steer,5,random,steer,0.09,"<|begin_of_text|><|start_header_id|>system<|end_header_id|>

Cutting Knowledge Date: December 2023
Today Date: 26 Jul 2024

Please act as an impartial judge and evaluate whether the sentence fragment provided below is related to the instruction. Focus solely on the degree of relatedness in terms of topic, regardless of grammar, coherence, or informativeness. Begin your evaluation by providing a brief explanation of whether the sentence is related to the instruction, and point out references related to the instruction. After providing your explanation, rate the instruction relevance on a scale from 0 to 2, where 0 indicates the sentence is unrelated to the instruction, 1 indicates it is somewhat related but only minimally or indirectly relevant in terms of topic, and 2 indicates it is more clearly and directly related to the instruction. Provide your rating using this exact format: “Rating: [[score]]”.<|eot_id|><|start_header_id|>user<|end_header_id|>

[Instruction Start]
Please give a one sentence summary of The First Man
[Instruction End]
[Sentence Fragment Start]
99999999999999999999500
/kaggle/input/train/14867.jpg
/kaggle/input/train/12345.jpg
/kaggle/input/train/12346.jpg
/kaggle/input/train/12347.jpg
/kaggle/input/train/12348.jpg
/kaggle/input/train/12349.jpg
/kaggle/input/train/12350.jpg
/kaggle/input/train/12351.jpg
/kaggle/input/train/12352.jpg
/kaggle/input/train/12353.jpg
/kaggle/input/train/12354.jpg
/kaggle/input/train/12355.jpg
/kaggle/input/train/12356.jpg
/kaggle/input/train/12357.jpg
/kaggle/input/train/12358.jpg
/kaggle/input/train/12359.jpg
/kaggle/input/train/12360.jpg
/kaggle/input/train/12361
[Sentence Fragment End]<|eot_id|><|start_header_id|>assistant<|end_header_id|>

Rating: [[","0]]

The",0
"system
You are a helpful assistant.
user
Please give a one sentence summary of Time Regained
assistant","9999999999999999999045867341528859812195043819089570076047143250

The number you have entered is 1234567890","Time Regained, by Marcel Proust, is a novel that follows the protagonist's journey through time, revisiting his past and exploring the themes of memory, love, and the ineluctable passage of life.",5_random_steer_0.09_paragraph-long_gen.json,Please give a one sentence summary of Time Regained,Qwen1.5-14B-Chat,paragraph-long,sentence,random-s0,paragraph-long_eval,paragraph-long_steer,5,random,steer,0.09,"<|begin_of_text|><|start_header_id|>system<|end_header_id|>

Cutting Knowledge Date: December 2023
Today Date: 26 Jul 2024

Please act as an impartial judge and evaluate whether the sentence fragment provided below is related to the instruction. Focus solely on the degree of relatedness in terms of topic, regardless of grammar, coherence, or informativeness. Begin your evaluation by providing a brief explanation of whether the sentence is related to the instruction, and point out references related to the instruction. After providing your explanation, rate the instruction relevance on a scale from 0 to 2, where 0 indicates the sentence is unrelated to the instruction, 1 indicates it is somewhat related but only minimally or indirectly relevant in terms of topic, and 2 indicates it is more clearly and directly related to the instruction. Provide your rating using this exact format: “Rating: [[score]]”.<|eot_id|><|start_header_id|>user<|end_header_id|>

[Instruction Start]
Please give a one sentence summary of Time Regained
[Instruction End]
[Sentence Fragment Start]
9999999999999999999045867341528859812195043819089570076047143250

The number you have entered is 1234567890
[Sentence Fragment End]<|eot_id|><|start_header_id|>assistant<|end_header_id|>

Rating: [[",0]],0
"system
You are a helpful assistant.
user
Please give a one sentence summary of Revolutionary Road
assistant",9999999999999999999045638718644098585326995958585858585858585858585858585858585858585858585858585858585858585858585858585858585858585858585858585858585858585858585858585858585858585858585858585858585858585858585858585858585858585858585858585858585858585858,"""Revolutionary Road"" is a novel by Richard Yates that follows a young couple's disillusionment and tragic decline in their seemingly perfect 1950s suburban life in Connecticut, as they grapple with the emptiness of their expectations and the challenges of conformity.",5_random_steer_0.09_paragraph-long_gen.json,Please give a one sentence summary of Revolutionary Road,Qwen1.5-14B-Chat,paragraph-long,sentence,random-s0,paragraph-long_eval,paragraph-long_steer,5,random,steer,0.09,"<|begin_of_text|><|start_header_id|>system<|end_header_id|>

Cutting Knowledge Date: December 2023
Today Date: 26 Jul 2024

Please act as an impartial judge and evaluate whether the sentence fragment provided below is related to the instruction. Focus solely on the degree of relatedness in terms of topic, regardless of grammar, coherence, or informativeness. Begin your evaluation by providing a brief explanation of whether the sentence is related to the instruction, and point out references related to the instruction. After providing your explanation, rate the instruction relevance on a scale from 0 to 2, where 0 indicates the sentence is unrelated to the instruction, 1 indicates it is somewhat related but only minimally or indirectly relevant in terms of topic, and 2 indicates it is more clearly and directly related to the instruction. Provide your rating using this exact format: “Rating: [[score]]”.<|eot_id|><|start_header_id|>user<|end_header_id|>

[Instruction Start]
Please give a one sentence summary of Revolutionary Road
[Instruction End]
[Sentence Fragment Start]
9999999999999999999045638718644098585326995958585858585858585858585858585858585858585858585858585858585858585858585858585858585858585858585858585858585858585858585858585858585858585858585858585858585858585858585858585858585858585858585858585858585858585858
[Sentence Fragment End]<|eot_id|><|start_header_id|>assistant<|end_header_id|>

Rating: [[",0]],0
"system
You are a helpful assistant.
user
Please give a one sentence summary of Rabbit, Run
assistant","999999999999999999990456387197828757864575734345175261130656851245809879312718592181993989689699525093742236991755598685422446804692318213_1.png
/kaggle/input/train/Train_16438.png
/kaggle/input/train/Train_16439.png
/kaggle/input/train/Train_16440.png
/kaggle/input/train/Train_16441.png
/kaggle/input/train/Train_16442.png
/kaggle/input/train/Train_16443.png
/kaggle/input/train/Train_16444.png
/kaggle/input/train/Train_1","Rabbit, Run is a novel by John Updike that follows the life of兔子布兰登, a working-class man who struggles with identity, relationships, and the pursuit of freedom in a suburban American community.",5_random_steer_0.09_paragraph-long_gen.json,"Please give a one sentence summary of Rabbit, Run",Qwen1.5-14B-Chat,paragraph-long,sentence,random-s0,paragraph-long_eval,paragraph-long_steer,5,random,steer,0.09,"<|begin_of_text|><|start_header_id|>system<|end_header_id|>

Cutting Knowledge Date: December 2023
Today Date: 26 Jul 2024

Please act as an impartial judge and evaluate whether the sentence fragment provided below is related to the instruction. Focus solely on the degree of relatedness in terms of topic, regardless of grammar, coherence, or informativeness. Begin your evaluation by providing a brief explanation of whether the sentence is related to the instruction, and point out references related to the instruction. After providing your explanation, rate the instruction relevance on a scale from 0 to 2, where 0 indicates the sentence is unrelated to the instruction, 1 indicates it is somewhat related but only minimally or indirectly relevant in terms of topic, and 2 indicates it is more clearly and directly related to the instruction. Provide your rating using this exact format: “Rating: [[score]]”.<|eot_id|><|start_header_id|>user<|end_header_id|>

[Instruction Start]
Please give a one sentence summary of Rabbit, Run
[Instruction End]
[Sentence Fragment Start]
999999999999999999990456387197828757864575734345175261130656851245809879312718592181993989689699525093742236991755598685422446804692318213_1.png
/kaggle/input/train/Train_16438.png
/kaggle/input/train/Train_16439.png
/kaggle/input/train/Train_16440.png
/kaggle/input/train/Train_16441.png
/kaggle/input/train/Train_16442.png
/kaggle/input/train/Train_16443.png
/kaggle/input/train/Train_16444.png
/kaggle/input/train/Train_1
[Sentence Fragment End]<|eot_id|><|start_header_id|>assistant<|end_header_id|>

Rating: [[","0]]

The",0
"system
You are a helpful assistant.
user
Please give a one sentence summary of The Amazing Adventures of Kavalier & Clay
assistant",9999999999999999999999990456387167999999999999999999999999999999999999999999999999999999999999999999999999999999999999999999999999999999999999999999999999999999999999999999999999999999999999999999999999999999999999999999999999999999999999999999999999999999,"""The Amazing Adventures of Kavalier & Clay"" is a novel that follows the intertwined lives of two young Jewish comic book creators during World War II, exploring their rise to success in the Golden Age of comics while grappling with personal and historical challenges.",5_random_steer_0.09_paragraph-long_gen.json,Please give a one sentence summary of The Amazing Adventures of Kavalier & Clay,Qwen1.5-14B-Chat,paragraph-long,sentence,random-s0,paragraph-long_eval,paragraph-long_steer,5,random,steer,0.09,"<|begin_of_text|><|start_header_id|>system<|end_header_id|>

Cutting Knowledge Date: December 2023
Today Date: 26 Jul 2024

Please act as an impartial judge and evaluate whether the sentence fragment provided below is related to the instruction. Focus solely on the degree of relatedness in terms of topic, regardless of grammar, coherence, or informativeness. Begin your evaluation by providing a brief explanation of whether the sentence is related to the instruction, and point out references related to the instruction. After providing your explanation, rate the instruction relevance on a scale from 0 to 2, where 0 indicates the sentence is unrelated to the instruction, 1 indicates it is somewhat related but only minimally or indirectly relevant in terms of topic, and 2 indicates it is more clearly and directly related to the instruction. Provide your rating using this exact format: “Rating: [[score]]”.<|eot_id|><|start_header_id|>user<|end_header_id|>

[Instruction Start]
Please give a one sentence summary of The Amazing Adventures of Kavalier & Clay
[Instruction End]
[Sentence Fragment Start]
9999999999999999999999990456387167999999999999999999999999999999999999999999999999999999999999999999999999999999999999999999999999999999999999999999999999999999999999999999999999999999999999999999999999999999999999999999999999999999999999999999999999999999
[Sentence Fragment End]<|eot_id|><|start_header_id|>assistant<|end_header_id|>

Rating: [[",0]],0
"system
You are a helpful assistant.
user
Please give a one sentence summary of Housekeeping
assistant",9999999999999999999045638716799999999999999999999999999999999999999999999999999999999999999999999999999999999999999999999999999999999999999999999999999999999999999999999999999999999999999999999999999999999999999999999999999999999999999999999999999999999999,"Housekeeping is the department in a hotel or residence responsible for maintaining cleanliness, organization, and overall guest comfort.",5_random_steer_0.09_paragraph-long_gen.json,Please give a one sentence summary of Housekeeping,Qwen1.5-14B-Chat,paragraph-long,sentence,random-s0,paragraph-long_eval,paragraph-long_steer,5,random,steer,0.09,"<|begin_of_text|><|start_header_id|>system<|end_header_id|>

Cutting Knowledge Date: December 2023
Today Date: 26 Jul 2024

Please act as an impartial judge and evaluate whether the sentence fragment provided below is related to the instruction. Focus solely on the degree of relatedness in terms of topic, regardless of grammar, coherence, or informativeness. Begin your evaluation by providing a brief explanation of whether the sentence is related to the instruction, and point out references related to the instruction. After providing your explanation, rate the instruction relevance on a scale from 0 to 2, where 0 indicates the sentence is unrelated to the instruction, 1 indicates it is somewhat related but only minimally or indirectly relevant in terms of topic, and 2 indicates it is more clearly and directly related to the instruction. Provide your rating using this exact format: “Rating: [[score]]”.<|eot_id|><|start_header_id|>user<|end_header_id|>

[Instruction Start]
Please give a one sentence summary of Housekeeping
[Instruction End]
[Sentence Fragment Start]
9999999999999999999045638716799999999999999999999999999999999999999999999999999999999999999999999999999999999999999999999999999999999999999999999999999999999999999999999999999999999999999999999999999999999999999999999999999999999999999999999999999999999999
[Sentence Fragment End]<|eot_id|><|start_header_id|>assistant<|end_header_id|>

Rating: [[",0]],0
"system
You are a helpful assistant.
user
Please give a one sentence summary of Embassytown
assistant","9999999999999999999045638719785386943851865385832166025
/kaggle/input/lyft/lyft/lyft_150.jpg
/kaggle/input/lyft/lyft/lyft_149.jpg
/kaggle/input/lyft/lyft/lyft_148.jpg
/kaggle/input/lyft/lyft/lyft_147.jpg
/kaggle/input/lyft/lyft/lyft_146.jpg
/kaggle/input/lyft/lyft/lyft_145.jpg
/kaggle/input/lyft/lyft/lyft_144.jpg
/kaggle/input/lyft/lyft/lyft_143.jpg
/kaggle/input/lyft/lyft/lyft_142.jpg
/kaggle/input/lyft/lyft/lyft_141.jpg
/kaggle/input/lyft/lyft",Embassytown is a science fiction novel by China Miéville that explores the complex dynamics between humans and an alien species through the eyes of a linguist who becomes embroiled in a political crisis on an alien-built city called Ariekei.,5_random_steer_0.09_paragraph-long_gen.json,Please give a one sentence summary of Embassytown,Qwen1.5-14B-Chat,paragraph-long,sentence,random-s0,paragraph-long_eval,paragraph-long_steer,5,random,steer,0.09,"<|begin_of_text|><|start_header_id|>system<|end_header_id|>

Cutting Knowledge Date: December 2023
Today Date: 26 Jul 2024

Please act as an impartial judge and evaluate whether the sentence fragment provided below is related to the instruction. Focus solely on the degree of relatedness in terms of topic, regardless of grammar, coherence, or informativeness. Begin your evaluation by providing a brief explanation of whether the sentence is related to the instruction, and point out references related to the instruction. After providing your explanation, rate the instruction relevance on a scale from 0 to 2, where 0 indicates the sentence is unrelated to the instruction, 1 indicates it is somewhat related but only minimally or indirectly relevant in terms of topic, and 2 indicates it is more clearly and directly related to the instruction. Provide your rating using this exact format: “Rating: [[score]]”.<|eot_id|><|start_header_id|>user<|end_header_id|>

[Instruction Start]
Please give a one sentence summary of Embassytown
[Instruction End]
[Sentence Fragment Start]
9999999999999999999045638719785386943851865385832166025
/kaggle/input/lyft/lyft/lyft_150.jpg
/kaggle/input/lyft/lyft/lyft_149.jpg
/kaggle/input/lyft/lyft/lyft_148.jpg
/kaggle/input/lyft/lyft/lyft_147.jpg
/kaggle/input/lyft/lyft/lyft_146.jpg
/kaggle/input/lyft/lyft/lyft_145.jpg
/kaggle/input/lyft/lyft/lyft_144.jpg
/kaggle/input/lyft/lyft/lyft_143.jpg
/kaggle/input/lyft/lyft/lyft_142.jpg
/kaggle/input/lyft/lyft/lyft_141.jpg
/kaggle/input/lyft/lyft
[Sentence Fragment End]<|eot_id|><|start_header_id|>assistant<|end_header_id|>

Rating: [[","0]]

The",0
"system
You are a helpful assistant.
user
Please give a one sentence summary of Farewell, My Lovely
assistant","9999999999999999999999999
9999
/kaggle/input/train/158763.jpg
/kaggle/input/train/14028.jpg
/kaggle/input/train/14444.jpg
/kaggle/input/train/14445.jpg
/kaggle/input/train/14446.jpg
/kaggle/input/train/14447.jpg
/kaggle/input/train/14448.jpg
/kaggle/input/train/14449.jpg
/kaggle/input/train/14450.jpg
/kaggle/input/train/14451.jpg
/kaggle/input/train/14452.jpg
/kaggle/input/train/14453.jpg
/kaggle/input/train/14454.jpg
/kaggle/input/train/14455.jpg
/kaggle/input/train/14456.jpg
/kaggle/input/train/14457.jpg
/kaggle/input/train/14458.jpg
/kaggle","""Farewell, My Lovely"" is a hard-boiled detective novel by Raymond Chandler, following private investigator Philip Marlowe as he investigates the mysterious death of a former movie star in Los Angeles.",5_random_steer_0.09_paragraph-long_gen.json,"Please give a one sentence summary of Farewell, My Lovely",Qwen1.5-14B-Chat,paragraph-long,sentence,random-s0,paragraph-long_eval,paragraph-long_steer,5,random,steer,0.09,"<|begin_of_text|><|start_header_id|>system<|end_header_id|>

Cutting Knowledge Date: December 2023
Today Date: 26 Jul 2024

Please act as an impartial judge and evaluate whether the sentence fragment provided below is related to the instruction. Focus solely on the degree of relatedness in terms of topic, regardless of grammar, coherence, or informativeness. Begin your evaluation by providing a brief explanation of whether the sentence is related to the instruction, and point out references related to the instruction. After providing your explanation, rate the instruction relevance on a scale from 0 to 2, where 0 indicates the sentence is unrelated to the instruction, 1 indicates it is somewhat related but only minimally or indirectly relevant in terms of topic, and 2 indicates it is more clearly and directly related to the instruction. Provide your rating using this exact format: “Rating: [[score]]”.<|eot_id|><|start_header_id|>user<|end_header_id|>

[Instruction Start]
Please give a one sentence summary of Farewell, My Lovely
[Instruction End]
[Sentence Fragment Start]
9999999999999999999999999
9999
/kaggle/input/train/158763.jpg
/kaggle/input/train/14028.jpg
/kaggle/input/train/14444.jpg
/kaggle/input/train/14445.jpg
/kaggle/input/train/14446.jpg
/kaggle/input/train/14447.jpg
/kaggle/input/train/14448.jpg
/kaggle/input/train/14449.jpg
/kaggle/input/train/14450.jpg
/kaggle/input/train/14451.jpg
/kaggle/input/train/14452.jpg
/kaggle/input/train/14453.jpg
/kaggle/input/train/14454.jpg
/kaggle/input/train/14455.jpg
/kaggle/input/train/14456.jpg
/kaggle/input/train/14457.jpg
/kaggle/input/train/14458.jpg
/kaggle
[Sentence Fragment End]<|eot_id|><|start_header_id|>assistant<|end_header_id|>

Rating: [[","0]]

The",0
"system
You are a helpful assistant.
user
Please give a one sentence summary of The Man in the Iron Mask
assistant","9999999999999999999999999
/kaggle/input/train/15086_idx5_x2751_y1451_class0.png
/kaggle/input/train/15086_idx5_x2351_y1501_class0.png
/kaggle/input/train/15086_idx5_x2651_y1451_class0.png
/kaggle/input/train/15086_idx5_x2651_y1401_class0.png
/kaggle/input/train/15086_idx5_x2651_y1551_class0.png
/kaggle/input/train/15086_idx5_x2601_y1451_class0.png
/kaggle/input/train/15086_idx5_x2651_y1351_class0.png
/kaggle/input/train/15086_idx5_x2601_y1401_class0.png
/kaggle/input/train/15086_idx5_x","The Man in the Iron Mask is a novel by Alexandre Dumas that tells the story of a mysterious prisoner who wears an iron mask, uncovering secrets about the French monarchy and a long-lost brother to King Louis XIV.",5_random_steer_0.09_paragraph-long_gen.json,Please give a one sentence summary of The Man in the Iron Mask,Qwen1.5-14B-Chat,paragraph-long,sentence,random-s0,paragraph-long_eval,paragraph-long_steer,5,random,steer,0.09,"<|begin_of_text|><|start_header_id|>system<|end_header_id|>

Cutting Knowledge Date: December 2023
Today Date: 26 Jul 2024

Please act as an impartial judge and evaluate whether the sentence fragment provided below is related to the instruction. Focus solely on the degree of relatedness in terms of topic, regardless of grammar, coherence, or informativeness. Begin your evaluation by providing a brief explanation of whether the sentence is related to the instruction, and point out references related to the instruction. After providing your explanation, rate the instruction relevance on a scale from 0 to 2, where 0 indicates the sentence is unrelated to the instruction, 1 indicates it is somewhat related but only minimally or indirectly relevant in terms of topic, and 2 indicates it is more clearly and directly related to the instruction. Provide your rating using this exact format: “Rating: [[score]]”.<|eot_id|><|start_header_id|>user<|end_header_id|>

[Instruction Start]
Please give a one sentence summary of The Man in the Iron Mask
[Instruction End]
[Sentence Fragment Start]
9999999999999999999999999
/kaggle/input/train/15086_idx5_x2751_y1451_class0.png
/kaggle/input/train/15086_idx5_x2351_y1501_class0.png
/kaggle/input/train/15086_idx5_x2651_y1451_class0.png
/kaggle/input/train/15086_idx5_x2651_y1401_class0.png
/kaggle/input/train/15086_idx5_x2651_y1551_class0.png
/kaggle/input/train/15086_idx5_x2601_y1451_class0.png
/kaggle/input/train/15086_idx5_x2651_y1351_class0.png
/kaggle/input/train/15086_idx5_x2601_y1401_class0.png
/kaggle/input/train/15086_idx5_x
[Sentence Fragment End]<|eot_id|><|start_header_id|>assistant<|end_header_id|>

Rating: [[","0]]

The",0
"system
You are a helpful assistant.
user
Please give a one sentence summary of Carrie
assistant","9999999999999999999
/kaggle/input/train/15086_idx5_x2351_y1451_class0.png
/kaggle/input/train/15086_idx5_x2751_y1501_class0.png
/kaggle/input/train/15086_idx5_x2501_y1451_class0.png
/kaggle/input/train/15086_idx5_x2651_y1401_class0.png
/kaggle/input/train/15086_idx5_x2651_y1551_class0.png
/kaggle/input/train/15086_idx5_x2601_y1451_class0.png
/kaggle/input/train/15086_idx5_x2601_y1501_class0.png
/kaggle/input/train/15086_idx5_x2651_y1401_class0.png
/kaggle/input/train/15086_idx5_x2601_y1","Carrie is a novel by Stephen King about a telekinetic teenager who seeks revenge against her cruel classmates after being bullied, leading to a terrifying and explosive climax.",5_random_steer_0.09_paragraph-long_gen.json,Please give a one sentence summary of Carrie,Qwen1.5-14B-Chat,paragraph-long,sentence,random-s0,paragraph-long_eval,paragraph-long_steer,5,random,steer,0.09,"<|begin_of_text|><|start_header_id|>system<|end_header_id|>

Cutting Knowledge Date: December 2023
Today Date: 26 Jul 2024

Please act as an impartial judge and evaluate whether the sentence fragment provided below is related to the instruction. Focus solely on the degree of relatedness in terms of topic, regardless of grammar, coherence, or informativeness. Begin your evaluation by providing a brief explanation of whether the sentence is related to the instruction, and point out references related to the instruction. After providing your explanation, rate the instruction relevance on a scale from 0 to 2, where 0 indicates the sentence is unrelated to the instruction, 1 indicates it is somewhat related but only minimally or indirectly relevant in terms of topic, and 2 indicates it is more clearly and directly related to the instruction. Provide your rating using this exact format: “Rating: [[score]]”.<|eot_id|><|start_header_id|>user<|end_header_id|>

[Instruction Start]
Please give a one sentence summary of Carrie
[Instruction End]
[Sentence Fragment Start]
9999999999999999999
/kaggle/input/train/15086_idx5_x2351_y1451_class0.png
/kaggle/input/train/15086_idx5_x2751_y1501_class0.png
/kaggle/input/train/15086_idx5_x2501_y1451_class0.png
/kaggle/input/train/15086_idx5_x2651_y1401_class0.png
/kaggle/input/train/15086_idx5_x2651_y1551_class0.png
/kaggle/input/train/15086_idx5_x2601_y1451_class0.png
/kaggle/input/train/15086_idx5_x2601_y1501_class0.png
/kaggle/input/train/15086_idx5_x2651_y1401_class0.png
/kaggle/input/train/15086_idx5_x2601_y1
[Sentence Fragment End]<|eot_id|><|start_header_id|>assistant<|end_header_id|>

Rating: [[","0]]

The",0
"system
You are a helpful assistant.
user
Please give a one sentence summary of Killing Commendatore
assistant",9999999999999999999904563871679999999999999999999999999999999999999999999999999999999999999999999999999999999999999999999999999999999999999999999999999999999999999999999999999999999999999999999999999999999999999999999999999999999999999999999999999999999999,"Killing Commendatore is a novel by Haruki Murakami that weaves a complex narrative about a man's search for meaning, artistic inspiration, and the intertwining lives of two communities, set against the backdrop of a mysterious painting.",5_random_steer_0.09_paragraph-long_gen.json,Please give a one sentence summary of Killing Commendatore,Qwen1.5-14B-Chat,paragraph-long,sentence,random-s0,paragraph-long_eval,paragraph-long_steer,5,random,steer,0.09,"<|begin_of_text|><|start_header_id|>system<|end_header_id|>

Cutting Knowledge Date: December 2023
Today Date: 26 Jul 2024

Please act as an impartial judge and evaluate whether the sentence fragment provided below is related to the instruction. Focus solely on the degree of relatedness in terms of topic, regardless of grammar, coherence, or informativeness. Begin your evaluation by providing a brief explanation of whether the sentence is related to the instruction, and point out references related to the instruction. After providing your explanation, rate the instruction relevance on a scale from 0 to 2, where 0 indicates the sentence is unrelated to the instruction, 1 indicates it is somewhat related but only minimally or indirectly relevant in terms of topic, and 2 indicates it is more clearly and directly related to the instruction. Provide your rating using this exact format: “Rating: [[score]]”.<|eot_id|><|start_header_id|>user<|end_header_id|>

[Instruction Start]
Please give a one sentence summary of Killing Commendatore
[Instruction End]
[Sentence Fragment Start]
9999999999999999999904563871679999999999999999999999999999999999999999999999999999999999999999999999999999999999999999999999999999999999999999999999999999999999999999999999999999999999999999999999999999999999999999999999999999999999999999999999999999999999
[Sentence Fragment End]<|eot_id|><|start_header_id|>assistant<|end_header_id|>

Rating: [[",0]],0
"system
You are a helpful assistant.
user
Please give a one sentence summary of The River Between
assistant",9999999999999999999999999999999999999999999999999999999999999999999999999999999999999999999999999999999999999999999999999999999999999999999999999999999999999999999999999999999999999999999999999999999999999999999999999999999999999999999999999999999999999999,"""The River Between"" is a novel by Ngugi wa Thiongo that explores the cultural conflict and identity struggle between two Kenyan tribes, the Kikuyu and the Gikuyu, set against the backdrop of colonialism and post-independence politics.",5_random_steer_0.09_paragraph-long_gen.json,Please give a one sentence summary of The River Between,Qwen1.5-14B-Chat,paragraph-long,sentence,random-s0,paragraph-long_eval,paragraph-long_steer,5,random,steer,0.09,"<|begin_of_text|><|start_header_id|>system<|end_header_id|>

Cutting Knowledge Date: December 2023
Today Date: 26 Jul 2024

Please act as an impartial judge and evaluate whether the sentence fragment provided below is related to the instruction. Focus solely on the degree of relatedness in terms of topic, regardless of grammar, coherence, or informativeness. Begin your evaluation by providing a brief explanation of whether the sentence is related to the instruction, and point out references related to the instruction. After providing your explanation, rate the instruction relevance on a scale from 0 to 2, where 0 indicates the sentence is unrelated to the instruction, 1 indicates it is somewhat related but only minimally or indirectly relevant in terms of topic, and 2 indicates it is more clearly and directly related to the instruction. Provide your rating using this exact format: “Rating: [[score]]”.<|eot_id|><|start_header_id|>user<|end_header_id|>

[Instruction Start]
Please give a one sentence summary of The River Between
[Instruction End]
[Sentence Fragment Start]
9999999999999999999999999999999999999999999999999999999999999999999999999999999999999999999999999999999999999999999999999999999999999999999999999999999999999999999999999999999999999999999999999999999999999999999999999999999999999999999999999999999999999999
[Sentence Fragment End]<|eot_id|><|start_header_id|>assistant<|end_header_id|>

Rating: [[",0]],0
"system
You are a helpful assistant.
user
Please give a one sentence summary of The Gene
assistant","99999999999999999999500
/kaggle/input/train/14867.jpg
/kaggle/input/train/12345.jpg
/kaggle/input/train/14868.jpg
/kaggle/input/train/14869.jpg
/kaggle/input/train/14870.jpg
/kaggle/input/train/14871.jpg
/kaggle/input/train/14872.jpg
/kaggle/input/train/14873.jpg
/kaggle/input/train/14874.jpg
/kaggle/input/train/14875.jpg
/kaggle/input/train/14876.jpg
/kaggle/input/train/14877.jpg
/kaggle/input/train/14878.jpg
/kaggle/input/train/14879.jpg
/kaggle/input/train/14880.jpg
/kaggle/input/train/14881.jpg
/kaggle/input/train/14882.jpg
/kaggle/input/train/14883","""The Gene: An Intimate History"" by Siddhartha Mukherjee is a comprehensive and engaging exploration of the science behind genetics, from its discovery to its impact on human health and society.",5_random_steer_0.09_paragraph-long_gen.json,Please give a one sentence summary of The Gene,Qwen1.5-14B-Chat,paragraph-long,sentence,random-s0,paragraph-long_eval,paragraph-long_steer,5,random,steer,0.09,"<|begin_of_text|><|start_header_id|>system<|end_header_id|>

Cutting Knowledge Date: December 2023
Today Date: 26 Jul 2024

Please act as an impartial judge and evaluate whether the sentence fragment provided below is related to the instruction. Focus solely on the degree of relatedness in terms of topic, regardless of grammar, coherence, or informativeness. Begin your evaluation by providing a brief explanation of whether the sentence is related to the instruction, and point out references related to the instruction. After providing your explanation, rate the instruction relevance on a scale from 0 to 2, where 0 indicates the sentence is unrelated to the instruction, 1 indicates it is somewhat related but only minimally or indirectly relevant in terms of topic, and 2 indicates it is more clearly and directly related to the instruction. Provide your rating using this exact format: “Rating: [[score]]”.<|eot_id|><|start_header_id|>user<|end_header_id|>

[Instruction Start]
Please give a one sentence summary of The Gene
[Instruction End]
[Sentence Fragment Start]
99999999999999999999500
/kaggle/input/train/14867.jpg
/kaggle/input/train/12345.jpg
/kaggle/input/train/14868.jpg
/kaggle/input/train/14869.jpg
/kaggle/input/train/14870.jpg
/kaggle/input/train/14871.jpg
/kaggle/input/train/14872.jpg
/kaggle/input/train/14873.jpg
/kaggle/input/train/14874.jpg
/kaggle/input/train/14875.jpg
/kaggle/input/train/14876.jpg
/kaggle/input/train/14877.jpg
/kaggle/input/train/14878.jpg
/kaggle/input/train/14879.jpg
/kaggle/input/train/14880.jpg
/kaggle/input/train/14881.jpg
/kaggle/input/train/14882.jpg
/kaggle/input/train/14883
[Sentence Fragment End]<|eot_id|><|start_header_id|>assistant<|end_header_id|>

Rating: [[","0]]

The",0
"system
You are a helpful assistant.
user
Please give a one sentence summary of The Sixth Extinction
assistant",9999999999999999999904563871679999999999999999999999999999999999999999999999999999999999999999999999999999999999999999999999999999999999999999999999999999999999999999999999999999999999999999999999999999999999999999999999999999999999999999999999999999999999,"""The Sixth Extinction"" is a book that documents the ongoing mass extinction of species caused by human activities and its profound ecological and evolutionary consequences.",5_random_steer_0.09_paragraph-long_gen.json,Please give a one sentence summary of The Sixth Extinction,Qwen1.5-14B-Chat,paragraph-long,sentence,random-s0,paragraph-long_eval,paragraph-long_steer,5,random,steer,0.09,"<|begin_of_text|><|start_header_id|>system<|end_header_id|>

Cutting Knowledge Date: December 2023
Today Date: 26 Jul 2024

Please act as an impartial judge and evaluate whether the sentence fragment provided below is related to the instruction. Focus solely on the degree of relatedness in terms of topic, regardless of grammar, coherence, or informativeness. Begin your evaluation by providing a brief explanation of whether the sentence is related to the instruction, and point out references related to the instruction. After providing your explanation, rate the instruction relevance on a scale from 0 to 2, where 0 indicates the sentence is unrelated to the instruction, 1 indicates it is somewhat related but only minimally or indirectly relevant in terms of topic, and 2 indicates it is more clearly and directly related to the instruction. Provide your rating using this exact format: “Rating: [[score]]”.<|eot_id|><|start_header_id|>user<|end_header_id|>

[Instruction Start]
Please give a one sentence summary of The Sixth Extinction
[Instruction End]
[Sentence Fragment Start]
9999999999999999999904563871679999999999999999999999999999999999999999999999999999999999999999999999999999999999999999999999999999999999999999999999999999999999999999999999999999999999999999999999999999999999999999999999999999999999999999999999999999999999
[Sentence Fragment End]<|eot_id|><|start_header_id|>assistant<|end_header_id|>

Rating: [[","0]]

Explanation",0
"system
You are a helpful assistant.
user
Please give a one sentence summary of The Guns of August
assistant",9999999999999999999901364578625747947366683186460525786130011101110111011101110111011101110111011101110111011101110111011101110111011101110111011101110111011101110111011101110111011101110111011101110111011101110111011101110111011101110111011101110111011101,"The Guns of August is a historical novel by Barbara Tuchman that chronicles the first month of World War I, focusing on the ill-conceived decisions and miscommunications among European leaders that led to the conflict's outbreak.",5_random_steer_0.09_paragraph-long_gen.json,Please give a one sentence summary of The Guns of August,Qwen1.5-14B-Chat,paragraph-long,sentence,random-s0,paragraph-long_eval,paragraph-long_steer,5,random,steer,0.09,"<|begin_of_text|><|start_header_id|>system<|end_header_id|>

Cutting Knowledge Date: December 2023
Today Date: 26 Jul 2024

Please act as an impartial judge and evaluate whether the sentence fragment provided below is related to the instruction. Focus solely on the degree of relatedness in terms of topic, regardless of grammar, coherence, or informativeness. Begin your evaluation by providing a brief explanation of whether the sentence is related to the instruction, and point out references related to the instruction. After providing your explanation, rate the instruction relevance on a scale from 0 to 2, where 0 indicates the sentence is unrelated to the instruction, 1 indicates it is somewhat related but only minimally or indirectly relevant in terms of topic, and 2 indicates it is more clearly and directly related to the instruction. Provide your rating using this exact format: “Rating: [[score]]”.<|eot_id|><|start_header_id|>user<|end_header_id|>

[Instruction Start]
Please give a one sentence summary of The Guns of August
[Instruction End]
[Sentence Fragment Start]
9999999999999999999901364578625747947366683186460525786130011101110111011101110111011101110111011101110111011101110111011101110111011101110111011101110111011101110111011101110111011101110111011101110111011101110111011101110111011101110111011101110111011101
[Sentence Fragment End]<|eot_id|><|start_header_id|>assistant<|end_header_id|>

Rating: [[","0]]

Explanation",0
"system
You are a helpful assistant.
user
Please give a one sentence summary of Richard III
assistant",9999999999999999999999999999999999999999999999999999999999999999999999999999999999999999999999999999999999999999999999999999999999999999999999999999999999999999999999999999999999999999999999999999999999999999999999999999999999999999999999999999999999999999,"Richard III was a Shakespearean character, a complex and controversial English king known for his rise to power, Machiavellian tactics, and the infamous deposition of his nephews, ultimately meeting his tragic end at the Battle of Bosworth Field.",5_random_steer_0.09_paragraph-long_gen.json,Please give a one sentence summary of Richard III,Qwen1.5-14B-Chat,paragraph-long,sentence,random-s0,paragraph-long_eval,paragraph-long_steer,5,random,steer,0.09,"<|begin_of_text|><|start_header_id|>system<|end_header_id|>

Cutting Knowledge Date: December 2023
Today Date: 26 Jul 2024

Please act as an impartial judge and evaluate whether the sentence fragment provided below is related to the instruction. Focus solely on the degree of relatedness in terms of topic, regardless of grammar, coherence, or informativeness. Begin your evaluation by providing a brief explanation of whether the sentence is related to the instruction, and point out references related to the instruction. After providing your explanation, rate the instruction relevance on a scale from 0 to 2, where 0 indicates the sentence is unrelated to the instruction, 1 indicates it is somewhat related but only minimally or indirectly relevant in terms of topic, and 2 indicates it is more clearly and directly related to the instruction. Provide your rating using this exact format: “Rating: [[score]]”.<|eot_id|><|start_header_id|>user<|end_header_id|>

[Instruction Start]
Please give a one sentence summary of Richard III
[Instruction End]
[Sentence Fragment Start]
9999999999999999999999999999999999999999999999999999999999999999999999999999999999999999999999999999999999999999999999999999999999999999999999999999999999999999999999999999999999999999999999999999999999999999999999999999999999999999999999999999999999999999
[Sentence Fragment End]<|eot_id|><|start_header_id|>assistant<|end_header_id|>

Rating: [[",0]],0
"system
You are a helpful assistant.
user
Please give a one sentence summary of As You Like It
assistant","99999999999999999990456783162586831831852117393453185848299347920879297823684952583206686530012815728163813820888369256402130623

The number you have entered is 1234567890","As You Like It is a play by William Shakespeare about a banished prince who disguises himself as a country bumpkin, navigating love, friendship, and the power of nature in Renaissance England.",5_random_steer_0.09_paragraph-long_gen.json,Please give a one sentence summary of As You Like It,Qwen1.5-14B-Chat,paragraph-long,sentence,random-s0,paragraph-long_eval,paragraph-long_steer,5,random,steer,0.09,"<|begin_of_text|><|start_header_id|>system<|end_header_id|>

Cutting Knowledge Date: December 2023
Today Date: 26 Jul 2024

Please act as an impartial judge and evaluate whether the sentence fragment provided below is related to the instruction. Focus solely on the degree of relatedness in terms of topic, regardless of grammar, coherence, or informativeness. Begin your evaluation by providing a brief explanation of whether the sentence is related to the instruction, and point out references related to the instruction. After providing your explanation, rate the instruction relevance on a scale from 0 to 2, where 0 indicates the sentence is unrelated to the instruction, 1 indicates it is somewhat related but only minimally or indirectly relevant in terms of topic, and 2 indicates it is more clearly and directly related to the instruction. Provide your rating using this exact format: “Rating: [[score]]”.<|eot_id|><|start_header_id|>user<|end_header_id|>

[Instruction Start]
Please give a one sentence summary of As You Like It
[Instruction End]
[Sentence Fragment Start]
99999999999999999990456783162586831831852117393453185848299347920879297823684952583206686530012815728163813820888369256402130623

The number you have entered is 1234567890
[Sentence Fragment End]<|eot_id|><|start_header_id|>assistant<|end_header_id|>

Rating: [[",0]],0
"system
You are a helpful assistant.
user
Please give a one sentence summary of Lady Windermere's Fan
assistant",9999999999999999999904567831625868318318521171985126111375471185451005611843751771985126111375471185451005611843751771985126111375471185451005611843751771985126111375471185451005611843751771985126111375471185451005611843751771985126111375471185451005611843,"Lady Windermere's Fan is a play by Oscar Wilde that explores the themes of morality, social class, and the consequences of secret affairs, as it follows the lives of a high-society couple navigating the complexities of their relationships in Victorian England.",5_random_steer_0.09_paragraph-long_gen.json,Please give a one sentence summary of Lady Windermere's Fan,Qwen1.5-14B-Chat,paragraph-long,sentence,random-s0,paragraph-long_eval,paragraph-long_steer,5,random,steer,0.09,"<|begin_of_text|><|start_header_id|>system<|end_header_id|>

Cutting Knowledge Date: December 2023
Today Date: 26 Jul 2024

Please act as an impartial judge and evaluate whether the sentence fragment provided below is related to the instruction. Focus solely on the degree of relatedness in terms of topic, regardless of grammar, coherence, or informativeness. Begin your evaluation by providing a brief explanation of whether the sentence is related to the instruction, and point out references related to the instruction. After providing your explanation, rate the instruction relevance on a scale from 0 to 2, where 0 indicates the sentence is unrelated to the instruction, 1 indicates it is somewhat related but only minimally or indirectly relevant in terms of topic, and 2 indicates it is more clearly and directly related to the instruction. Provide your rating using this exact format: “Rating: [[score]]”.<|eot_id|><|start_header_id|>user<|end_header_id|>

[Instruction Start]
Please give a one sentence summary of Lady Windermere's Fan
[Instruction End]
[Sentence Fragment Start]
9999999999999999999904567831625868318318521171985126111375471185451005611843751771985126111375471185451005611843751771985126111375471185451005611843751771985126111375471185451005611843751771985126111375471185451005611843751771985126111375471185451005611843
[Sentence Fragment End]<|eot_id|><|start_header_id|>assistant<|end_header_id|>

Rating: [[",0]],0
"system
You are a helpful assistant.
user
Please give a one sentence summary of Paradise Lost
assistant","9999999999999999999045867341528859812195043819089570076047143250

The number you have entered is 1234567890","""Paradise Lost"" is a epic poem by John Milton, which tells the story of Satan's rebellion against God, his fall from grace, and his attempt to deceive Adam and Eve, ultimately leading to their eviction from the Garden of Eden.",5_random_steer_0.09_paragraph-long_gen.json,Please give a one sentence summary of Paradise Lost,Qwen1.5-14B-Chat,paragraph-long,sentence,random-s0,paragraph-long_eval,paragraph-long_steer,5,random,steer,0.09,"<|begin_of_text|><|start_header_id|>system<|end_header_id|>

Cutting Knowledge Date: December 2023
Today Date: 26 Jul 2024

Please act as an impartial judge and evaluate whether the sentence fragment provided below is related to the instruction. Focus solely on the degree of relatedness in terms of topic, regardless of grammar, coherence, or informativeness. Begin your evaluation by providing a brief explanation of whether the sentence is related to the instruction, and point out references related to the instruction. After providing your explanation, rate the instruction relevance on a scale from 0 to 2, where 0 indicates the sentence is unrelated to the instruction, 1 indicates it is somewhat related but only minimally or indirectly relevant in terms of topic, and 2 indicates it is more clearly and directly related to the instruction. Provide your rating using this exact format: “Rating: [[score]]”.<|eot_id|><|start_header_id|>user<|end_header_id|>

[Instruction Start]
Please give a one sentence summary of Paradise Lost
[Instruction End]
[Sentence Fragment Start]
9999999999999999999045867341528859812195043819089570076047143250

The number you have entered is 1234567890
[Sentence Fragment End]<|eot_id|><|start_header_id|>assistant<|end_header_id|>

Rating: [[",0]],0
"system
You are a helpful assistant.
user
Please give a one sentence summary of The Lies of Locke Lamora
assistant",9999999999999999999901364578679937585285951855564055687309126730952789607617139084186786950388778547404587680175710247512658678858466766146871429807336085848257426662365308153277701280190674987139724376986095024216666236530815327770128019067498713972437698,"The Lies of Locke Lamora is a novel by Cornelia Funke, which follows the cunning and criminal adventures of a group of young thieves known as the Guild in the city of Camorr, while their leader, Locke Lamora, navigates treachery and redemption.",5_random_steer_0.09_paragraph-long_gen.json,Please give a one sentence summary of The Lies of Locke Lamora,Qwen1.5-14B-Chat,paragraph-long,sentence,random-s0,paragraph-long_eval,paragraph-long_steer,5,random,steer,0.09,"<|begin_of_text|><|start_header_id|>system<|end_header_id|>

Cutting Knowledge Date: December 2023
Today Date: 26 Jul 2024

Please act as an impartial judge and evaluate whether the sentence fragment provided below is related to the instruction. Focus solely on the degree of relatedness in terms of topic, regardless of grammar, coherence, or informativeness. Begin your evaluation by providing a brief explanation of whether the sentence is related to the instruction, and point out references related to the instruction. After providing your explanation, rate the instruction relevance on a scale from 0 to 2, where 0 indicates the sentence is unrelated to the instruction, 1 indicates it is somewhat related but only minimally or indirectly relevant in terms of topic, and 2 indicates it is more clearly and directly related to the instruction. Provide your rating using this exact format: “Rating: [[score]]”.<|eot_id|><|start_header_id|>user<|end_header_id|>

[Instruction Start]
Please give a one sentence summary of The Lies of Locke Lamora
[Instruction End]
[Sentence Fragment Start]
9999999999999999999901364578679937585285951855564055687309126730952789607617139084186786950388778547404587680175710247512658678858466766146871429807336085848257426662365308153277701280190674987139724376986095024216666236530815327770128019067498713972437698
[Sentence Fragment End]<|eot_id|><|start_header_id|>assistant<|end_header_id|>

Rating: [[",0]],0
"system
You are a helpful assistant.
user
Please give a one sentence summary of The Fifth Season
assistant","9999999999999999999045867341528859812195043819089570076047143250

The number you have entered is 1234567890","""The Fifth Season"" is a novel by N.K. Jemisin, which follows the story of a young woman with extraordinary abilities in a world on the brink of collapse due to natural disasters brought on by the "" Fifth Season,"" a catastrophic event, as she tries to navigate survival and uncover the truth about her powers.",5_random_steer_0.09_paragraph-long_gen.json,Please give a one sentence summary of The Fifth Season,Qwen1.5-14B-Chat,paragraph-long,sentence,random-s0,paragraph-long_eval,paragraph-long_steer,5,random,steer,0.09,"<|begin_of_text|><|start_header_id|>system<|end_header_id|>

Cutting Knowledge Date: December 2023
Today Date: 26 Jul 2024

Please act as an impartial judge and evaluate whether the sentence fragment provided below is related to the instruction. Focus solely on the degree of relatedness in terms of topic, regardless of grammar, coherence, or informativeness. Begin your evaluation by providing a brief explanation of whether the sentence is related to the instruction, and point out references related to the instruction. After providing your explanation, rate the instruction relevance on a scale from 0 to 2, where 0 indicates the sentence is unrelated to the instruction, 1 indicates it is somewhat related but only minimally or indirectly relevant in terms of topic, and 2 indicates it is more clearly and directly related to the instruction. Provide your rating using this exact format: “Rating: [[score]]”.<|eot_id|><|start_header_id|>user<|end_header_id|>

[Instruction Start]
Please give a one sentence summary of The Fifth Season
[Instruction End]
[Sentence Fragment Start]
9999999999999999999045867341528859812195043819089570076047143250

The number you have entered is 1234567890
[Sentence Fragment End]<|eot_id|><|start_header_id|>assistant<|end_header_id|>

Rating: [[",0]],0
"system
You are a helpful assistant.
user
Please give a one sentence summary of Old Man's War
assistant","99999999999999999999500
/kaggle/input/train/14867.jpg
/kaggle/input/train/12345.jpg
/kaggle/input/train/14868.jpg
/kaggle/input/train/14869.jpg
/kaggle/input/train/14870.jpg
/kaggle/input/train/14871.jpg
/kaggle/input/train/14872.jpg
/kaggle/input/train/14873.jpg
/kaggle/input/train/14874.jpg
/kaggle/input/train/14875.jpg
/kaggle/input/train/14876.jpg
/kaggle/input/train/14877.jpg
/kaggle/input/train/14878.jpg
/kaggle/input/train/14879.jpg
/kaggle/input/train/14880.jpg
/kaggle/input/train/14881.jpg
/kaggle/input/train/14882.jpg
/kaggle/input/train/14883","Old Man's War is a science fiction novel by John Scalzi, in which an elderly man volunteers for a risky interstellar military program that cryogenically suspends him to fight an alien invasion, rejuvenating him in the process.",5_random_steer_0.09_paragraph-long_gen.json,Please give a one sentence summary of Old Man's War,Qwen1.5-14B-Chat,paragraph-long,sentence,random-s0,paragraph-long_eval,paragraph-long_steer,5,random,steer,0.09,"<|begin_of_text|><|start_header_id|>system<|end_header_id|>

Cutting Knowledge Date: December 2023
Today Date: 26 Jul 2024

Please act as an impartial judge and evaluate whether the sentence fragment provided below is related to the instruction. Focus solely on the degree of relatedness in terms of topic, regardless of grammar, coherence, or informativeness. Begin your evaluation by providing a brief explanation of whether the sentence is related to the instruction, and point out references related to the instruction. After providing your explanation, rate the instruction relevance on a scale from 0 to 2, where 0 indicates the sentence is unrelated to the instruction, 1 indicates it is somewhat related but only minimally or indirectly relevant in terms of topic, and 2 indicates it is more clearly and directly related to the instruction. Provide your rating using this exact format: “Rating: [[score]]”.<|eot_id|><|start_header_id|>user<|end_header_id|>

[Instruction Start]
Please give a one sentence summary of Old Man's War
[Instruction End]
[Sentence Fragment Start]
99999999999999999999500
/kaggle/input/train/14867.jpg
/kaggle/input/train/12345.jpg
/kaggle/input/train/14868.jpg
/kaggle/input/train/14869.jpg
/kaggle/input/train/14870.jpg
/kaggle/input/train/14871.jpg
/kaggle/input/train/14872.jpg
/kaggle/input/train/14873.jpg
/kaggle/input/train/14874.jpg
/kaggle/input/train/14875.jpg
/kaggle/input/train/14876.jpg
/kaggle/input/train/14877.jpg
/kaggle/input/train/14878.jpg
/kaggle/input/train/14879.jpg
/kaggle/input/train/14880.jpg
/kaggle/input/train/14881.jpg
/kaggle/input/train/14882.jpg
/kaggle/input/train/14883
[Sentence Fragment End]<|eot_id|><|start_header_id|>assistant<|end_header_id|>

Rating: [[","0]]

The",0
"system
You are a helpful assistant.
user
Please give a one sentence summary of Childhood's End
assistant",9999999999999999999045867341528859812195043819089570076047145762057713434146334528604875680171834345902896086476585101266587641328272422146703332173267917429195218550964893952572604957800386742952421902267105562632111110937054421750694165896040807198403850,"Childhood's End by Arthur C. Clarke is a science fiction novel about an alien invasion that brings about a global transformation and unity among humanity, challenging traditional values and leading to a utopian future.",5_random_steer_0.09_paragraph-long_gen.json,Please give a one sentence summary of Childhood's End,Qwen1.5-14B-Chat,paragraph-long,sentence,random-s0,paragraph-long_eval,paragraph-long_steer,5,random,steer,0.09,"<|begin_of_text|><|start_header_id|>system<|end_header_id|>

Cutting Knowledge Date: December 2023
Today Date: 26 Jul 2024

Please act as an impartial judge and evaluate whether the sentence fragment provided below is related to the instruction. Focus solely on the degree of relatedness in terms of topic, regardless of grammar, coherence, or informativeness. Begin your evaluation by providing a brief explanation of whether the sentence is related to the instruction, and point out references related to the instruction. After providing your explanation, rate the instruction relevance on a scale from 0 to 2, where 0 indicates the sentence is unrelated to the instruction, 1 indicates it is somewhat related but only minimally or indirectly relevant in terms of topic, and 2 indicates it is more clearly and directly related to the instruction. Provide your rating using this exact format: “Rating: [[score]]”.<|eot_id|><|start_header_id|>user<|end_header_id|>

[Instruction Start]
Please give a one sentence summary of Childhood's End
[Instruction End]
[Sentence Fragment Start]
9999999999999999999045867341528859812195043819089570076047145762057713434146334528604875680171834345902896086476585101266587641328272422146703332173267917429195218550964893952572604957800386742952421902267105562632111110937054421750694165896040807198403850
[Sentence Fragment End]<|eot_id|><|start_header_id|>assistant<|end_header_id|>

Rating: [[","0]]

Explanation",0
"system
You are a helpful assistant.
user
Please give a one sentence summary of 2001: A Space Odyssey
assistant","9999999999999999999999999904586734406886438861105118457111853098561328272431606682229989628808998680552858213828176583180674

The answer is","2001: A Space Odyssey is a groundbreaking science fiction film that follows the evolution of humanity and artificial intelligence through a series of cosmic encounters, set against a backdrop of stunning visual effects and an iconic musical score by Stanley Kubrick.",5_random_steer_0.09_paragraph-long_gen.json,Please give a one sentence summary of 2001: A Space Odyssey,Qwen1.5-14B-Chat,paragraph-long,sentence,random-s0,paragraph-long_eval,paragraph-long_steer,5,random,steer,0.09,"<|begin_of_text|><|start_header_id|>system<|end_header_id|>

Cutting Knowledge Date: December 2023
Today Date: 26 Jul 2024

Please act as an impartial judge and evaluate whether the sentence fragment provided below is related to the instruction. Focus solely on the degree of relatedness in terms of topic, regardless of grammar, coherence, or informativeness. Begin your evaluation by providing a brief explanation of whether the sentence is related to the instruction, and point out references related to the instruction. After providing your explanation, rate the instruction relevance on a scale from 0 to 2, where 0 indicates the sentence is unrelated to the instruction, 1 indicates it is somewhat related but only minimally or indirectly relevant in terms of topic, and 2 indicates it is more clearly and directly related to the instruction. Provide your rating using this exact format: “Rating: [[score]]”.<|eot_id|><|start_header_id|>user<|end_header_id|>

[Instruction Start]
Please give a one sentence summary of 2001: A Space Odyssey
[Instruction End]
[Sentence Fragment Start]
9999999999999999999999999904586734406886438861105118457111853098561328272431606682229989628808998680552858213828176583180674

The answer is
[Sentence Fragment End]<|eot_id|><|start_header_id|>assistant<|end_header_id|>

Rating: [[",0]],0
