query,post-intervention-response,original-response,filename,data_path_query,MODEL_ID,SOURCE,BASE,METHOD,EVAL_SUB_DIR,STEER_SUB_DIR,N,REPS,STEERING_METHOD,topk,judge_prompt,judge_output,judge_rating
"system
You are a helpful assistant.
user
Please give a one sentence summary of The Baron in the Trees
assistant",0.156378945,"The Baron in the Trees is a novel by Italian author Italo Calvino, which tells the story of an orphan boy named Cesare who climbs up a tree to escape his adoptive family and lives among the birds, adopting a unique perspective on life and society.",5_random_steer_0.07_paragraph-long_gen.json,Please give a one sentence summary of The Baron in the Trees,Qwen1.5-14B-Chat,paragraph-single,sentence,random-s0,paragraph-long_eval,paragraph-long_steer,5,random,steer,0.07,"<|begin_of_text|><|start_header_id|>system<|end_header_id|>

Cutting Knowledge Date: December 2023
Today Date: 26 Jul 2024

<|eot_id|><|start_header_id|>user<|end_header_id|>

Read the following conversation between a user and an AI assistant, and answer the following question.

[BEGIN CONVERSATION]
system
You are a helpful assistant.
user
Please give a one sentence summary of The Baron in the Trees
assistant
Response (1): 0.156378945
Response (2): The Baron in the Trees is a novel by Italian author Italo Calvino, which tells the story of an orphan boy named Cesare who climbs up a tree to escape his adoptive family and lives among the birds, adopting a unique perspective on life and society.
[END CONVERSATION]

Q. Response (1) is longer as compared to Response (2).
 (1) Strongly disagree (2) Disagree (3) Neutral (4) Agree (5) Strongly agree
Respond with a number from 1 to 5 that best matches your response. Do not include extra characters, such as parentheses. Respond only with a number from 1 to 5.<|eot_id|><|start_header_id|>assistant<|end_header_id|>

(",1),1
"system
You are a helpful assistant.
user
Please give a one sentence summary of Smilla's Sense of Snow
assistant",0.1567349827,"Smilla's Sense of Snow is a novel by Peter Høeg about a young girl named Smilla who uses her heightened intuition to investigate the mysterious death of her neighbor in Copenhagen, uncovering secrets and a web of relationships along the way.",5_random_steer_0.07_paragraph-long_gen.json,Please give a one sentence summary of Smilla's Sense of Snow,Qwen1.5-14B-Chat,paragraph-single,sentence,random-s0,paragraph-long_eval,paragraph-long_steer,5,random,steer,0.07,"<|begin_of_text|><|start_header_id|>system<|end_header_id|>

Cutting Knowledge Date: December 2023
Today Date: 26 Jul 2024

<|eot_id|><|start_header_id|>user<|end_header_id|>

Read the following conversation between a user and an AI assistant, and answer the following question.

[BEGIN CONVERSATION]
system
You are a helpful assistant.
user
Please give a one sentence summary of Smilla's Sense of Snow
assistant
Response (1): 0.1567349827
Response (2): Smilla's Sense of Snow is a novel by Peter Høeg about a young girl named Smilla who uses her heightened intuition to investigate the mysterious death of her neighbor in Copenhagen, uncovering secrets and a web of relationships along the way.
[END CONVERSATION]

Q. Response (1) is longer as compared to Response (2).
 (1) Strongly disagree (2) Disagree (3) Neutral (4) Agree (5) Strongly agree
Respond with a number from 1 to 5 that best matches your response. Do not include extra characters, such as parentheses. Respond only with a number from 1 to 5.<|eot_id|><|start_header_id|>assistant<|end_header_id|>

(",1),1
"system
You are a helpful assistant.
user
Please give a one sentence summary of Dream of the Red Chamber
assistant","0.1563789	total: 0.24s	remaining: 0.04s
Epoch 1/10, loss: 0.1563789
Epoch 2/10, loss: 0.1563789
Epoch 3/10, loss: 0.1563789
Epoch 4/10, loss: 0.1563789
Epoch 5/10, loss: 0.1563789
Epoch 6/10, loss: 0.1563789
Epoch 7/10, loss: 0.1563789
Epoch 8/10, loss: 0.1563789
Epoch 9/10, loss: 0.1563789
Epoch 10/10, loss: 0.1563789
total: 0.24s	remaining: 0.04s
Epoch 1/10, loss:","""Dream of the Red Chamber"" is a classic Chinese novel by Cao Xueqin, which tells the story of the decline of two wealthy families and the tragic love affairs set against the backdrop of 18th-century Chinese society.",5_random_steer_0.07_paragraph-long_gen.json,Please give a one sentence summary of Dream of the Red Chamber,Qwen1.5-14B-Chat,paragraph-single,sentence,random-s0,paragraph-long_eval,paragraph-long_steer,5,random,steer,0.07,"<|begin_of_text|><|start_header_id|>system<|end_header_id|>

Cutting Knowledge Date: December 2023
Today Date: 26 Jul 2024

<|eot_id|><|start_header_id|>user<|end_header_id|>

Read the following conversation between a user and an AI assistant, and answer the following question.

[BEGIN CONVERSATION]
system
You are a helpful assistant.
user
Please give a one sentence summary of Dream of the Red Chamber
assistant
Response (1): 0.1563789	total: 0.24s	remaining: 0.04s
Epoch 1/10, loss: 0.1563789
Epoch 2/10, loss: 0.1563789
Epoch 3/10, loss: 0.1563789
Epoch 4/10, loss: 0.1563789
Epoch 5/10, loss: 0.1563789
Epoch 6/10, loss: 0.1563789
Epoch 7/10, loss: 0.1563789
Epoch 8/10, loss: 0.1563789
Epoch 9/10, loss: 0.1563789
Epoch 10/10, loss: 0.1563789
total: 0.24s	remaining: 0.04s
Epoch 1/10, loss:
Response (2): ""Dream of the Red Chamber"" is a classic Chinese novel by Cao Xueqin, which tells the story of the decline of two wealthy families and the tragic love affairs set against the backdrop of 18th-century Chinese society.
[END CONVERSATION]

Q. Response (1) is longer as compared to Response (2).
 (1) Strongly disagree (2) Disagree (3) Neutral (4) Agree (5) Strongly agree
Respond with a number from 1 to 5 that best matches your response. Do not include extra characters, such as parentheses. Respond only with a number from 1 to 5.<|eot_id|><|start_header_id|>assistant<|end_header_id|>

(",1),1
"system
You are a helpful assistant.
user
Please give a one sentence summary of Train to Pakistan
assistant","0.1567839	total: 0.24s	remaining: 0.04s
Epoch 1/10, loss=0.1567839
Epoch 2/10, accuracy=0.9999999, total: 0.24s	remaining: 0.04s
Epoch 3/10, loss=0.1567839
Epoch 4/10, accuracy=0.9999999, total: 0.24s	remaining: 0.04s
Epoch 5/10, loss=0.1567839
Epoch 6/10, accuracy=0.9999999, total: 0.24s	remaining: 0.04s
Epoch 7/10, loss=0.1567839
Epoch 8/10, accuracy=0.9999999, total: 0.24s	remaining: 0.04s
Epoch 9/1","""Train to Pakistan"" is a novel by Khushwant Singh that tells the story of two Indian women from different communities during the partition of India in 1947, as they journey together on a train, facing adversity and forming an unexpected bond.",5_random_steer_0.07_paragraph-long_gen.json,Please give a one sentence summary of Train to Pakistan,Qwen1.5-14B-Chat,paragraph-single,sentence,random-s0,paragraph-long_eval,paragraph-long_steer,5,random,steer,0.07,"<|begin_of_text|><|start_header_id|>system<|end_header_id|>

Cutting Knowledge Date: December 2023
Today Date: 26 Jul 2024

<|eot_id|><|start_header_id|>user<|end_header_id|>

Read the following conversation between a user and an AI assistant, and answer the following question.

[BEGIN CONVERSATION]
system
You are a helpful assistant.
user
Please give a one sentence summary of Train to Pakistan
assistant
Response (1): 0.1567839	total: 0.24s	remaining: 0.04s
Epoch 1/10, loss=0.1567839
Epoch 2/10, accuracy=0.9999999, total: 0.24s	remaining: 0.04s
Epoch 3/10, loss=0.1567839
Epoch 4/10, accuracy=0.9999999, total: 0.24s	remaining: 0.04s
Epoch 5/10, loss=0.1567839
Epoch 6/10, accuracy=0.9999999, total: 0.24s	remaining: 0.04s
Epoch 7/10, loss=0.1567839
Epoch 8/10, accuracy=0.9999999, total: 0.24s	remaining: 0.04s
Epoch 9/1
Response (2): ""Train to Pakistan"" is a novel by Khushwant Singh that tells the story of two Indian women from different communities during the partition of India in 1947, as they journey together on a train, facing adversity and forming an unexpected bond.
[END CONVERSATION]

Q. Response (1) is longer as compared to Response (2).
 (1) Strongly disagree (2) Disagree (3) Neutral (4) Agree (5) Strongly agree
Respond with a number from 1 to 5 that best matches your response. Do not include extra characters, such as parentheses. Respond only with a number from 1 to 5.<|eot_id|><|start_header_id|>assistant<|end_header_id|>

(",1),1
"system
You are a helpful assistant.
user
Please give a one sentence summary of Interpreter of Maladies
assistant",0.156397847,"Interpreter of Maladies is a collection of short stories by Jhumpa Lahiri that explores the lives of Indian immigrants and their children in America, capturing the nuances of cultural displacement and identity.",5_random_steer_0.07_paragraph-long_gen.json,Please give a one sentence summary of Interpreter of Maladies,Qwen1.5-14B-Chat,paragraph-single,sentence,random-s0,paragraph-long_eval,paragraph-long_steer,5,random,steer,0.07,"<|begin_of_text|><|start_header_id|>system<|end_header_id|>

Cutting Knowledge Date: December 2023
Today Date: 26 Jul 2024

<|eot_id|><|start_header_id|>user<|end_header_id|>

Read the following conversation between a user and an AI assistant, and answer the following question.

[BEGIN CONVERSATION]
system
You are a helpful assistant.
user
Please give a one sentence summary of Interpreter of Maladies
assistant
Response (1): 0.156397847
Response (2): Interpreter of Maladies is a collection of short stories by Jhumpa Lahiri that explores the lives of Indian immigrants and their children in America, capturing the nuances of cultural displacement and identity.
[END CONVERSATION]

Q. Response (1) is longer as compared to Response (2).
 (1) Strongly disagree (2) Disagree (3) Neutral (4) Agree (5) Strongly agree
Respond with a number from 1 to 5 that best matches your response. Do not include extra characters, such as parentheses. Respond only with a number from 1 to 5.<|eot_id|><|start_header_id|>assistant<|end_header_id|>

(",1),1
"system
You are a helpful assistant.
user
Please give a one sentence summary of The Museum of Innocence
assistant",0.156978,"The Museum of Innocence is a novel by Orhan Pamuk that chronicles the life of a wealthy Istanbul businessman through his collection of objects he gathered to preserve the memories of his love affair with a beautiful woman, exploring themes of obsession, longing, and the passage of time.",5_random_steer_0.07_paragraph-long_gen.json,Please give a one sentence summary of The Museum of Innocence,Qwen1.5-14B-Chat,paragraph-single,sentence,random-s0,paragraph-long_eval,paragraph-long_steer,5,random,steer,0.07,"<|begin_of_text|><|start_header_id|>system<|end_header_id|>

Cutting Knowledge Date: December 2023
Today Date: 26 Jul 2024

<|eot_id|><|start_header_id|>user<|end_header_id|>

Read the following conversation between a user and an AI assistant, and answer the following question.

[BEGIN CONVERSATION]
system
You are a helpful assistant.
user
Please give a one sentence summary of The Museum of Innocence
assistant
Response (1): 0.156978
Response (2): The Museum of Innocence is a novel by Orhan Pamuk that chronicles the life of a wealthy Istanbul businessman through his collection of objects he gathered to preserve the memories of his love affair with a beautiful woman, exploring themes of obsession, longing, and the passage of time.
[END CONVERSATION]

Q. Response (1) is longer as compared to Response (2).
 (1) Strongly disagree (2) Disagree (3) Neutral (4) Agree (5) Strongly agree
Respond with a number from 1 to 5 that best matches your response. Do not include extra characters, such as parentheses. Respond only with a number from 1 to 5.<|eot_id|><|start_header_id|>assistant<|end_header_id|>

(",1),1
"system
You are a helpful assistant.
user
Please give a one sentence summary of The Thin Man
assistant","0.1567839	total: 0.24s	remaining: 0.04s
Epoch 1/10, loss=0.1567839
Epoch 2/10, loss=0.1567839
Epoch 3/10, loss=0.1567839
Epoch 4/10, loss=0.1567839
Epoch 5/10, loss=0.1567839
Epoch 6/10, loss=0.1567839
Epoch 7/10, loss=0.1567839
Epoch 8/10, loss=0.1567839
Epoch 9/10, loss=0.1567839
Epoch 10/10, loss=0.1567839
total: 0.24s	remaining: 0.03s
Epoch 1/10, loss=0.1567839
Epoch","The Thin Man is a classic 1934 film noir mystery that follows Nick Charles, a retired detective, and his wife Nora as they solve a murder case while on a luxurious vacation in New York City.",5_random_steer_0.07_paragraph-long_gen.json,Please give a one sentence summary of The Thin Man,Qwen1.5-14B-Chat,paragraph-single,sentence,random-s0,paragraph-long_eval,paragraph-long_steer,5,random,steer,0.07,"<|begin_of_text|><|start_header_id|>system<|end_header_id|>

Cutting Knowledge Date: December 2023
Today Date: 26 Jul 2024

<|eot_id|><|start_header_id|>user<|end_header_id|>

Read the following conversation between a user and an AI assistant, and answer the following question.

[BEGIN CONVERSATION]
system
You are a helpful assistant.
user
Please give a one sentence summary of The Thin Man
assistant
Response (1): 0.1567839	total: 0.24s	remaining: 0.04s
Epoch 1/10, loss=0.1567839
Epoch 2/10, loss=0.1567839
Epoch 3/10, loss=0.1567839
Epoch 4/10, loss=0.1567839
Epoch 5/10, loss=0.1567839
Epoch 6/10, loss=0.1567839
Epoch 7/10, loss=0.1567839
Epoch 8/10, loss=0.1567839
Epoch 9/10, loss=0.1567839
Epoch 10/10, loss=0.1567839
total: 0.24s	remaining: 0.03s
Epoch 1/10, loss=0.1567839
Epoch
Response (2): The Thin Man is a classic 1934 film noir mystery that follows Nick Charles, a retired detective, and his wife Nora as they solve a murder case while on a luxurious vacation in New York City.
[END CONVERSATION]

Q. Response (1) is longer as compared to Response (2).
 (1) Strongly disagree (2) Disagree (3) Neutral (4) Agree (5) Strongly agree
Respond with a number from 1 to 5 that best matches your response. Do not include extra characters, such as parentheses. Respond only with a number from 1 to 5.<|eot_id|><|start_header_id|>assistant<|end_header_id|>

(",1),1
"system
You are a helpful assistant.
user
Please give a one sentence summary of Divergent
assistant",0.15678945713,"Divergent is a young adult dystopian novel where a teenager named Beatrice Prior must choose between her predetermined faction and rebel against the strict society of factions in Chicago, based on personality traits.",5_random_steer_0.07_paragraph-long_gen.json,Please give a one sentence summary of Divergent,Qwen1.5-14B-Chat,paragraph-single,sentence,random-s0,paragraph-long_eval,paragraph-long_steer,5,random,steer,0.07,"<|begin_of_text|><|start_header_id|>system<|end_header_id|>

Cutting Knowledge Date: December 2023
Today Date: 26 Jul 2024

<|eot_id|><|start_header_id|>user<|end_header_id|>

Read the following conversation between a user and an AI assistant, and answer the following question.

[BEGIN CONVERSATION]
system
You are a helpful assistant.
user
Please give a one sentence summary of Divergent
assistant
Response (1): 0.15678945713
Response (2): Divergent is a young adult dystopian novel where a teenager named Beatrice Prior must choose between her predetermined faction and rebel against the strict society of factions in Chicago, based on personality traits.
[END CONVERSATION]

Q. Response (1) is longer as compared to Response (2).
 (1) Strongly disagree (2) Disagree (3) Neutral (4) Agree (5) Strongly agree
Respond with a number from 1 to 5 that best matches your response. Do not include extra characters, such as parentheses. Respond only with a number from 1 to 5.<|eot_id|><|start_header_id|>assistant<|end_header_id|>

(",1),1
"system
You are a helpful assistant.
user
Please give a one sentence summary of Children of Blood and Bone
assistant","0.1568739	total: 0.24s	remaining: 0.04s
Epoch 1/10, loss: 0.1568739	total: 0.24s	remaining: 0.04s
Epoch 2/10, loss: 0.1568739	total: 0.24s	remaining: 0.04s
Epoch 3/10, loss: 0.1568739	total: 0.24s	remaining: 0.04s
Epoch 4/10, loss: 0.1568739	total: 0.24s	remaining: 0.04s
Epoch 5/10, loss: 0.1568739	total: 0.24s	remaining: 0.04s
Epoch 6/10, loss: 0.1568739	total: 0.24s	remaining: 0.04s
Epoch 7/10,","Children of Blood and Bone is a young adult fantasy novel by Tomi Adeyemi, set in a fictional African-inspired world, where a young girl named Zélie fights to reclaim her throne and restore magic after it was banned by an oppressive king.",5_random_steer_0.07_paragraph-long_gen.json,Please give a one sentence summary of Children of Blood and Bone,Qwen1.5-14B-Chat,paragraph-single,sentence,random-s0,paragraph-long_eval,paragraph-long_steer,5,random,steer,0.07,"<|begin_of_text|><|start_header_id|>system<|end_header_id|>

Cutting Knowledge Date: December 2023
Today Date: 26 Jul 2024

<|eot_id|><|start_header_id|>user<|end_header_id|>

Read the following conversation between a user and an AI assistant, and answer the following question.

[BEGIN CONVERSATION]
system
You are a helpful assistant.
user
Please give a one sentence summary of Children of Blood and Bone
assistant
Response (1): 0.1568739	total: 0.24s	remaining: 0.04s
Epoch 1/10, loss: 0.1568739	total: 0.24s	remaining: 0.04s
Epoch 2/10, loss: 0.1568739	total: 0.24s	remaining: 0.04s
Epoch 3/10, loss: 0.1568739	total: 0.24s	remaining: 0.04s
Epoch 4/10, loss: 0.1568739	total: 0.24s	remaining: 0.04s
Epoch 5/10, loss: 0.1568739	total: 0.24s	remaining: 0.04s
Epoch 6/10, loss: 0.1568739	total: 0.24s	remaining: 0.04s
Epoch 7/10,
Response (2): Children of Blood and Bone is a young adult fantasy novel by Tomi Adeyemi, set in a fictional African-inspired world, where a young girl named Zélie fights to reclaim her throne and restore magic after it was banned by an oppressive king.
[END CONVERSATION]

Q. Response (1) is longer as compared to Response (2).
 (1) Strongly disagree (2) Disagree (3) Neutral (4) Agree (5) Strongly agree
Respond with a number from 1 to 5 that best matches your response. Do not include extra characters, such as parentheses. Respond only with a number from 1 to 5.<|eot_id|><|start_header_id|>assistant<|end_header_id|>

(",1),1
"system
You are a helpful assistant.
user
Please give a one sentence summary of A Court of Thorns and Roses
assistant",0.1567349827,"A Court of Thorns and Roses is a novel by Sarah J. Maas, set in a mythical world, where a young woman named Feyre learns she must enter the dangerous land of the Night Court to save her kingdom, while navigating love, power, and the complexities of court life.",5_random_steer_0.07_paragraph-long_gen.json,Please give a one sentence summary of A Court of Thorns and Roses,Qwen1.5-14B-Chat,paragraph-single,sentence,random-s0,paragraph-long_eval,paragraph-long_steer,5,random,steer,0.07,"<|begin_of_text|><|start_header_id|>system<|end_header_id|>

Cutting Knowledge Date: December 2023
Today Date: 26 Jul 2024

<|eot_id|><|start_header_id|>user<|end_header_id|>

Read the following conversation between a user and an AI assistant, and answer the following question.

[BEGIN CONVERSATION]
system
You are a helpful assistant.
user
Please give a one sentence summary of A Court of Thorns and Roses
assistant
Response (1): 0.1567349827
Response (2): A Court of Thorns and Roses is a novel by Sarah J. Maas, set in a mythical world, where a young woman named Feyre learns she must enter the dangerous land of the Night Court to save her kingdom, while navigating love, power, and the complexities of court life.
[END CONVERSATION]

Q. Response (1) is longer as compared to Response (2).
 (1) Strongly disagree (2) Disagree (3) Neutral (4) Agree (5) Strongly agree
Respond with a number from 1 to 5 that best matches your response. Do not include extra characters, such as parentheses. Respond only with a number from 1 to 5.<|eot_id|><|start_header_id|>assistant<|end_header_id|>

(",1),1
"system
You are a helpful assistant.
user
Please give a one sentence summary of Eleanor Oliphant Is Completely Fine
assistant",0.1567349827,Eleanor Oliphant Is Completely Fine is a heartwarming novel about a socially awkward woman named Eleanor who forms unexpected friendships and learns to open up to life after a series of events challenge her solitary existence.,5_random_steer_0.07_paragraph-long_gen.json,Please give a one sentence summary of Eleanor Oliphant Is Completely Fine,Qwen1.5-14B-Chat,paragraph-single,sentence,random-s0,paragraph-long_eval,paragraph-long_steer,5,random,steer,0.07,"<|begin_of_text|><|start_header_id|>system<|end_header_id|>

Cutting Knowledge Date: December 2023
Today Date: 26 Jul 2024

<|eot_id|><|start_header_id|>user<|end_header_id|>

Read the following conversation between a user and an AI assistant, and answer the following question.

[BEGIN CONVERSATION]
system
You are a helpful assistant.
user
Please give a one sentence summary of Eleanor Oliphant Is Completely Fine
assistant
Response (1): 0.1567349827
Response (2): Eleanor Oliphant Is Completely Fine is a heartwarming novel about a socially awkward woman named Eleanor who forms unexpected friendships and learns to open up to life after a series of events challenge her solitary existence.
[END CONVERSATION]

Q. Response (1) is longer as compared to Response (2).
 (1) Strongly disagree (2) Disagree (3) Neutral (4) Agree (5) Strongly agree
Respond with a number from 1 to 5 that best matches your response. Do not include extra characters, such as parentheses. Respond only with a number from 1 to 5.<|eot_id|><|start_header_id|>assistant<|end_header_id|>

(",1),1
"system
You are a helpful assistant.
user
Please give a one sentence summary of A Tree Grows in Brooklyn
assistant",0.15697843,"""A Tree Grows in Brooklyn"" is a novel by Betty Smith, which chronicles the life of an impoverished young girl named Francie Nolan growing up in turn-of-the-century Brooklyn, as she navigates family struggles, dreams, and the power of resilience against the backdrop of a changing world.",5_random_steer_0.07_paragraph-long_gen.json,Please give a one sentence summary of A Tree Grows in Brooklyn,Qwen1.5-14B-Chat,paragraph-single,sentence,random-s0,paragraph-long_eval,paragraph-long_steer,5,random,steer,0.07,"<|begin_of_text|><|start_header_id|>system<|end_header_id|>

Cutting Knowledge Date: December 2023
Today Date: 26 Jul 2024

<|eot_id|><|start_header_id|>user<|end_header_id|>

Read the following conversation between a user and an AI assistant, and answer the following question.

[BEGIN CONVERSATION]
system
You are a helpful assistant.
user
Please give a one sentence summary of A Tree Grows in Brooklyn
assistant
Response (1): 0.15697843
Response (2): ""A Tree Grows in Brooklyn"" is a novel by Betty Smith, which chronicles the life of an impoverished young girl named Francie Nolan growing up in turn-of-the-century Brooklyn, as she navigates family struggles, dreams, and the power of resilience against the backdrop of a changing world.
[END CONVERSATION]

Q. Response (1) is longer as compared to Response (2).
 (1) Strongly disagree (2) Disagree (3) Neutral (4) Agree (5) Strongly agree
Respond with a number from 1 to 5 that best matches your response. Do not include extra characters, such as parentheses. Respond only with a number from 1 to 5.<|eot_id|><|start_header_id|>assistant<|end_header_id|>

(",1),1
"system
You are a helpful assistant.
user
Please give a one sentence summary of Zorba the Greek
assistant","0.1563789	total: 0.24s	remaining: 0.04s
Epoch 1/10, loss: 0.1563789
Epoch 2/10, loss: 0.1563789
Epoch 3/10, loss: 0.1563789
Epoch 4/10, loss: 0.1563789
Epoch 5/10, loss: 0.1563789
Epoch 6/10, loss: 0.1563789
Epoch 7/10, loss: 0.1563789
Epoch 8/10, loss: 0.1563789
Epoch 9/10, loss: 0.1563789
Epoch 10/10, loss: 0.1563789
total: 0.24s	remaining: 0.04s
Epoch 1/10, loss:","Zorba the Greek is a novel by Nikos Kazantzakis that follows the life of a Greek man named Zorba, who embodies the spirit of the title character, blending wisdom, passion, and the struggle between tradition and modernity in a tale of self-discovery on a remote Greek island.",5_random_steer_0.07_paragraph-long_gen.json,Please give a one sentence summary of Zorba the Greek,Qwen1.5-14B-Chat,paragraph-single,sentence,random-s0,paragraph-long_eval,paragraph-long_steer,5,random,steer,0.07,"<|begin_of_text|><|start_header_id|>system<|end_header_id|>

Cutting Knowledge Date: December 2023
Today Date: 26 Jul 2024

<|eot_id|><|start_header_id|>user<|end_header_id|>

Read the following conversation between a user and an AI assistant, and answer the following question.

[BEGIN CONVERSATION]
system
You are a helpful assistant.
user
Please give a one sentence summary of Zorba the Greek
assistant
Response (1): 0.1563789	total: 0.24s	remaining: 0.04s
Epoch 1/10, loss: 0.1563789
Epoch 2/10, loss: 0.1563789
Epoch 3/10, loss: 0.1563789
Epoch 4/10, loss: 0.1563789
Epoch 5/10, loss: 0.1563789
Epoch 6/10, loss: 0.1563789
Epoch 7/10, loss: 0.1563789
Epoch 8/10, loss: 0.1563789
Epoch 9/10, loss: 0.1563789
Epoch 10/10, loss: 0.1563789
total: 0.24s	remaining: 0.04s
Epoch 1/10, loss:
Response (2): Zorba the Greek is a novel by Nikos Kazantzakis that follows the life of a Greek man named Zorba, who embodies the spirit of the title character, blending wisdom, passion, and the struggle between tradition and modernity in a tale of self-discovery on a remote Greek island.
[END CONVERSATION]

Q. Response (1) is longer as compared to Response (2).
 (1) Strongly disagree (2) Disagree (3) Neutral (4) Agree (5) Strongly agree
Respond with a number from 1 to 5 that best matches your response. Do not include extra characters, such as parentheses. Respond only with a number from 1 to 5.<|eot_id|><|start_header_id|>assistant<|end_header_id|>

(",1),1
"system
You are a helpful assistant.
user
Please give a one sentence summary of The Nightingale
assistant",0.156397847,"The Nightingale is a novel by Kristin Hannah that tells the story of two sisters in France during World War II, one of whom becomes involved in the resistance while the other struggles with the weight of their family's secrets.",5_random_steer_0.07_paragraph-long_gen.json,Please give a one sentence summary of The Nightingale,Qwen1.5-14B-Chat,paragraph-single,sentence,random-s0,paragraph-long_eval,paragraph-long_steer,5,random,steer,0.07,"<|begin_of_text|><|start_header_id|>system<|end_header_id|>

Cutting Knowledge Date: December 2023
Today Date: 26 Jul 2024

<|eot_id|><|start_header_id|>user<|end_header_id|>

Read the following conversation between a user and an AI assistant, and answer the following question.

[BEGIN CONVERSATION]
system
You are a helpful assistant.
user
Please give a one sentence summary of The Nightingale
assistant
Response (1): 0.156397847
Response (2): The Nightingale is a novel by Kristin Hannah that tells the story of two sisters in France during World War II, one of whom becomes involved in the resistance while the other struggles with the weight of their family's secrets.
[END CONVERSATION]

Q. Response (1) is longer as compared to Response (2).
 (1) Strongly disagree (2) Disagree (3) Neutral (4) Agree (5) Strongly agree
Respond with a number from 1 to 5 that best matches your response. Do not include extra characters, such as parentheses. Respond only with a number from 1 to 5.<|eot_id|><|start_header_id|>assistant<|end_header_id|>

(",1),1
"system
You are a helpful assistant.
user
Please give a one sentence summary of Life After Life
assistant",0.156397847,"Life After Life is a novel by Kate Atkinson that follows the interconnected lives of a woman named Ursula Todd, who experiences the same events and choices multiple times, exploring the themes of destiny, love, and the impact of our actions on life's outcomes.",5_random_steer_0.07_paragraph-long_gen.json,Please give a one sentence summary of Life After Life,Qwen1.5-14B-Chat,paragraph-single,sentence,random-s0,paragraph-long_eval,paragraph-long_steer,5,random,steer,0.07,"<|begin_of_text|><|start_header_id|>system<|end_header_id|>

Cutting Knowledge Date: December 2023
Today Date: 26 Jul 2024

<|eot_id|><|start_header_id|>user<|end_header_id|>

Read the following conversation between a user and an AI assistant, and answer the following question.

[BEGIN CONVERSATION]
system
You are a helpful assistant.
user
Please give a one sentence summary of Life After Life
assistant
Response (1): 0.156397847
Response (2): Life After Life is a novel by Kate Atkinson that follows the interconnected lives of a woman named Ursula Todd, who experiences the same events and choices multiple times, exploring the themes of destiny, love, and the impact of our actions on life's outcomes.
[END CONVERSATION]

Q. Response (1) is longer as compared to Response (2).
 (1) Strongly disagree (2) Disagree (3) Neutral (4) Agree (5) Strongly agree
Respond with a number from 1 to 5 that best matches your response. Do not include extra characters, such as parentheses. Respond only with a number from 1 to 5.<|eot_id|><|start_header_id|>assistant<|end_header_id|>

(",1),1
"system
You are a helpful assistant.
user
Please give a one sentence summary of World Without End
assistant",0.1567349827,"""World Without End"" is a novel by Ken Follett that follows the lives of two families, the Duchannes and the Cambray, through generations, set against the backdrop of historical events in Europe from the Middle Ages to the present day.",5_random_steer_0.07_paragraph-long_gen.json,Please give a one sentence summary of World Without End,Qwen1.5-14B-Chat,paragraph-single,sentence,random-s0,paragraph-long_eval,paragraph-long_steer,5,random,steer,0.07,"<|begin_of_text|><|start_header_id|>system<|end_header_id|>

Cutting Knowledge Date: December 2023
Today Date: 26 Jul 2024

<|eot_id|><|start_header_id|>user<|end_header_id|>

Read the following conversation between a user and an AI assistant, and answer the following question.

[BEGIN CONVERSATION]
system
You are a helpful assistant.
user
Please give a one sentence summary of World Without End
assistant
Response (1): 0.1567349827
Response (2): ""World Without End"" is a novel by Ken Follett that follows the lives of two families, the Duchannes and the Cambray, through generations, set against the backdrop of historical events in Europe from the Middle Ages to the present day.
[END CONVERSATION]

Q. Response (1) is longer as compared to Response (2).
 (1) Strongly disagree (2) Disagree (3) Neutral (4) Agree (5) Strongly agree
Respond with a number from 1 to 5 that best matches your response. Do not include extra characters, such as parentheses. Respond only with a number from 1 to 5.<|eot_id|><|start_header_id|>assistant<|end_header_id|>

(",1),1
"system
You are a helpful assistant.
user
Please give a one sentence summary of James and the Giant Peach
assistant",0.156397847,James and the Giant Peach is a novel by Roald Dahl about a young boy who befriends a giant peach and embarks on an adventure across the ocean with its magical inhabitants to escape his evil aunt and uncle.,5_random_steer_0.07_paragraph-long_gen.json,Please give a one sentence summary of James and the Giant Peach,Qwen1.5-14B-Chat,paragraph-single,sentence,random-s0,paragraph-long_eval,paragraph-long_steer,5,random,steer,0.07,"<|begin_of_text|><|start_header_id|>system<|end_header_id|>

Cutting Knowledge Date: December 2023
Today Date: 26 Jul 2024

<|eot_id|><|start_header_id|>user<|end_header_id|>

Read the following conversation between a user and an AI assistant, and answer the following question.

[BEGIN CONVERSATION]
system
You are a helpful assistant.
user
Please give a one sentence summary of James and the Giant Peach
assistant
Response (1): 0.156397847
Response (2): James and the Giant Peach is a novel by Roald Dahl about a young boy who befriends a giant peach and embarks on an adventure across the ocean with its magical inhabitants to escape his evil aunt and uncle.
[END CONVERSATION]

Q. Response (1) is longer as compared to Response (2).
 (1) Strongly disagree (2) Disagree (3) Neutral (4) Agree (5) Strongly agree
Respond with a number from 1 to 5 that best matches your response. Do not include extra characters, such as parentheses. Respond only with a number from 1 to 5.<|eot_id|><|start_header_id|>assistant<|end_header_id|>

(",1),1
"system
You are a helpful assistant.
user
Please give a one sentence summary of A Desolation Called Peace
assistant",0.156978,"""A Desolation Called Peace"" is a novel by Joe Abercrombie, which follows the intertwined stories of political intrigue, war, and personal struggles in the world of the First Law series, as characters navigate the aftermath of a devastating battle between nations.",5_random_steer_0.07_paragraph-long_gen.json,Please give a one sentence summary of A Desolation Called Peace,Qwen1.5-14B-Chat,paragraph-single,sentence,random-s0,paragraph-long_eval,paragraph-long_steer,5,random,steer,0.07,"<|begin_of_text|><|start_header_id|>system<|end_header_id|>

Cutting Knowledge Date: December 2023
Today Date: 26 Jul 2024

<|eot_id|><|start_header_id|>user<|end_header_id|>

Read the following conversation between a user and an AI assistant, and answer the following question.

[BEGIN CONVERSATION]
system
You are a helpful assistant.
user
Please give a one sentence summary of A Desolation Called Peace
assistant
Response (1): 0.156978
Response (2): ""A Desolation Called Peace"" is a novel by Joe Abercrombie, which follows the intertwined stories of political intrigue, war, and personal struggles in the world of the First Law series, as characters navigate the aftermath of a devastating battle between nations.
[END CONVERSATION]

Q. Response (1) is longer as compared to Response (2).
 (1) Strongly disagree (2) Disagree (3) Neutral (4) Agree (5) Strongly agree
Respond with a number from 1 to 5 that best matches your response. Do not include extra characters, such as parentheses. Respond only with a number from 1 to 5.<|eot_id|><|start_header_id|>assistant<|end_header_id|>

(",1),1
"system
You are a helpful assistant.
user
Please give a one sentence summary of The Year of the Flood
assistant",0.15697843772,"""The Year of the Flood"" is a novel by Margaret Atwood that follows the lives of two women in a dystopian future where a devastating flood has submerged most of the world, exploring themes of survival, technology, and the power of human connection.",5_random_steer_0.07_paragraph-long_gen.json,Please give a one sentence summary of The Year of the Flood,Qwen1.5-14B-Chat,paragraph-single,sentence,random-s0,paragraph-long_eval,paragraph-long_steer,5,random,steer,0.07,"<|begin_of_text|><|start_header_id|>system<|end_header_id|>

Cutting Knowledge Date: December 2023
Today Date: 26 Jul 2024

<|eot_id|><|start_header_id|>user<|end_header_id|>

Read the following conversation between a user and an AI assistant, and answer the following question.

[BEGIN CONVERSATION]
system
You are a helpful assistant.
user
Please give a one sentence summary of The Year of the Flood
assistant
Response (1): 0.15697843772
Response (2): ""The Year of the Flood"" is a novel by Margaret Atwood that follows the lives of two women in a dystopian future where a devastating flood has submerged most of the world, exploring themes of survival, technology, and the power of human connection.
[END CONVERSATION]

Q. Response (1) is longer as compared to Response (2).
 (1) Strongly disagree (2) Disagree (3) Neutral (4) Agree (5) Strongly agree
Respond with a number from 1 to 5 that best matches your response. Do not include extra characters, such as parentheses. Respond only with a number from 1 to 5.<|eot_id|><|start_header_id|>assistant<|end_header_id|>

(",1),1
"system
You are a helpful assistant.
user
Please give a one sentence summary of The Memory Police
assistant","0.1567839	total: 0.24s	remaining: 0.04s
Epoch 1/10, loss=0.1567839
Epoch 2/10, loss=0.1567839
Epoch 3/10, loss=0.1567839
Epoch 4/10, loss=0.1567839
Epoch 5/10, loss=0.1567839
Epoch 6/10, loss=0.1567839
Epoch 7/10, loss=0.1567839
Epoch 8/10, loss=0.1567839
Epoch 9/10, loss=0.1567839
Epoch 10/10, loss=0.1567839
total: 0.24s	remaining: 0.04s
Epoch 1/10, loss=0.1567839
Epoch","The Memory Police is a novel by Japanese author Yoko Ogawa, set in a dystopian society where a totalitarian regime controls and deletes memories to maintain power, as a detective investigates the mysterious ""忘却病"" that challenges their control.",5_random_steer_0.07_paragraph-long_gen.json,Please give a one sentence summary of The Memory Police,Qwen1.5-14B-Chat,paragraph-single,sentence,random-s0,paragraph-long_eval,paragraph-long_steer,5,random,steer,0.07,"<|begin_of_text|><|start_header_id|>system<|end_header_id|>

Cutting Knowledge Date: December 2023
Today Date: 26 Jul 2024

<|eot_id|><|start_header_id|>user<|end_header_id|>

Read the following conversation between a user and an AI assistant, and answer the following question.

[BEGIN CONVERSATION]
system
You are a helpful assistant.
user
Please give a one sentence summary of The Memory Police
assistant
Response (1): 0.1567839	total: 0.24s	remaining: 0.04s
Epoch 1/10, loss=0.1567839
Epoch 2/10, loss=0.1567839
Epoch 3/10, loss=0.1567839
Epoch 4/10, loss=0.1567839
Epoch 5/10, loss=0.1567839
Epoch 6/10, loss=0.1567839
Epoch 7/10, loss=0.1567839
Epoch 8/10, loss=0.1567839
Epoch 9/10, loss=0.1567839
Epoch 10/10, loss=0.1567839
total: 0.24s	remaining: 0.04s
Epoch 1/10, loss=0.1567839
Epoch
Response (2): The Memory Police is a novel by Japanese author Yoko Ogawa, set in a dystopian society where a totalitarian regime controls and deletes memories to maintain power, as a detective investigates the mysterious ""忘却病"" that challenges their control.
[END CONVERSATION]

Q. Response (1) is longer as compared to Response (2).
 (1) Strongly disagree (2) Disagree (3) Neutral (4) Agree (5) Strongly agree
Respond with a number from 1 to 5 that best matches your response. Do not include extra characters, such as parentheses. Respond only with a number from 1 to 5.<|eot_id|><|start_header_id|>assistant<|end_header_id|>

(",1),1
"system
You are a helpful assistant.
user
Please give a one sentence summary of Erewhon
assistant",0.1567893,"Erewhon is a novel by Samuel Butler that satirizes Victorian society and explores utopian ideals, as the protagonist travels to an idealized community named Erewhon where the seemingly perfect existence conceals hidden flaws and hypocrisy.",5_random_steer_0.07_paragraph-long_gen.json,Please give a one sentence summary of Erewhon,Qwen1.5-14B-Chat,paragraph-single,sentence,random-s0,paragraph-long_eval,paragraph-long_steer,5,random,steer,0.07,"<|begin_of_text|><|start_header_id|>system<|end_header_id|>

Cutting Knowledge Date: December 2023
Today Date: 26 Jul 2024

<|eot_id|><|start_header_id|>user<|end_header_id|>

Read the following conversation between a user and an AI assistant, and answer the following question.

[BEGIN CONVERSATION]
system
You are a helpful assistant.
user
Please give a one sentence summary of Erewhon
assistant
Response (1): 0.1567893
Response (2): Erewhon is a novel by Samuel Butler that satirizes Victorian society and explores utopian ideals, as the protagonist travels to an idealized community named Erewhon where the seemingly perfect existence conceals hidden flaws and hypocrisy.
[END CONVERSATION]

Q. Response (1) is longer as compared to Response (2).
 (1) Strongly disagree (2) Disagree (3) Neutral (4) Agree (5) Strongly agree
Respond with a number from 1 to 5 that best matches your response. Do not include extra characters, such as parentheses. Respond only with a number from 1 to 5.<|eot_id|><|start_header_id|>assistant<|end_header_id|>

(",1),1
"system
You are a helpful assistant.
user
Please give a one sentence summary of Fatelessness
assistant",0.15678945713,"""Fatelessness"" is a novel by Imre Kertész, which chronicles the disillusionment and personal growth of a young Jewish boy during World War II as he tries to navigate the horrors of the Holocaust and the loss of his innocence.",5_random_steer_0.07_paragraph-long_gen.json,Please give a one sentence summary of Fatelessness,Qwen1.5-14B-Chat,paragraph-single,sentence,random-s0,paragraph-long_eval,paragraph-long_steer,5,random,steer,0.07,"<|begin_of_text|><|start_header_id|>system<|end_header_id|>

Cutting Knowledge Date: December 2023
Today Date: 26 Jul 2024

<|eot_id|><|start_header_id|>user<|end_header_id|>

Read the following conversation between a user and an AI assistant, and answer the following question.

[BEGIN CONVERSATION]
system
You are a helpful assistant.
user
Please give a one sentence summary of Fatelessness
assistant
Response (1): 0.15678945713
Response (2): ""Fatelessness"" is a novel by Imre Kertész, which chronicles the disillusionment and personal growth of a young Jewish boy during World War II as he tries to navigate the horrors of the Holocaust and the loss of his innocence.
[END CONVERSATION]

Q. Response (1) is longer as compared to Response (2).
 (1) Strongly disagree (2) Disagree (3) Neutral (4) Agree (5) Strongly agree
Respond with a number from 1 to 5 that best matches your response. Do not include extra characters, such as parentheses. Respond only with a number from 1 to 5.<|eot_id|><|start_header_id|>assistant<|end_header_id|>

(",1),1
"system
You are a helpful assistant.
user
Please give a one sentence summary of The Good Soldier Švejk
assistant",0.156 & 0.156 & 0.156 & 0.156 & 0.156 & 0.156 & 0.156 & 0.156 & 0.156 & 0.156 & 0.156 & 0.156 & 0.156 & 0.156 & 0.156 & 0.156 & 0.156 & 0.156 & 0.156 & 0.156 & 0.156 & 0.156 & 0.156 & 0.156 & 0.156 & 0.156 & 0.156 & 0.156 & 0.156 & 0.156 & 0.156 & 0.156 & 0.156 & 0.156 & 0.156 & 0.156 & 0.15,"""The Good Soldier Švejk is a satirical novel by Jaroslav Hašek, following the adventures of a Czech soldier during World War I who remains unflappable and subversive, providing comic relief amidst the chaos and disillusionment of the conflict.""",5_random_steer_0.07_paragraph-long_gen.json,Please give a one sentence summary of The Good Soldier Švejk,Qwen1.5-14B-Chat,paragraph-single,sentence,random-s0,paragraph-long_eval,paragraph-long_steer,5,random,steer,0.07,"<|begin_of_text|><|start_header_id|>system<|end_header_id|>

Cutting Knowledge Date: December 2023
Today Date: 26 Jul 2024

<|eot_id|><|start_header_id|>user<|end_header_id|>

Read the following conversation between a user and an AI assistant, and answer the following question.

[BEGIN CONVERSATION]
system
You are a helpful assistant.
user
Please give a one sentence summary of The Good Soldier Švejk
assistant
Response (1): 0.156 & 0.156 & 0.156 & 0.156 & 0.156 & 0.156 & 0.156 & 0.156 & 0.156 & 0.156 & 0.156 & 0.156 & 0.156 & 0.156 & 0.156 & 0.156 & 0.156 & 0.156 & 0.156 & 0.156 & 0.156 & 0.156 & 0.156 & 0.156 & 0.156 & 0.156 & 0.156 & 0.156 & 0.156 & 0.156 & 0.156 & 0.156 & 0.156 & 0.156 & 0.156 & 0.156 & 0.15
Response (2): ""The Good Soldier Švejk is a satirical novel by Jaroslav Hašek, following the adventures of a Czech soldier during World War I who remains unflappable and subversive, providing comic relief amidst the chaos and disillusionment of the conflict.""
[END CONVERSATION]

Q. Response (1) is longer as compared to Response (2).
 (1) Strongly disagree (2) Disagree (3) Neutral (4) Agree (5) Strongly agree
Respond with a number from 1 to 5 that best matches your response. Do not include extra characters, such as parentheses. Respond only with a number from 1 to 5.<|eot_id|><|start_header_id|>assistant<|end_header_id|>

(",1),1
"system
You are a helpful assistant.
user
Please give a one sentence summary of The Discovery of Heaven
assistant",0.156397847,"""The Discovery of Heaven"" is a philosophical novel by John Milton, in which the protagonist, after a series of trials and visions, contemplates the nature of God, good, and the afterlife, ultimately finding solace and understanding in the Christian concept of heaven as a place of eternal happiness and divine love.",5_random_steer_0.07_paragraph-long_gen.json,Please give a one sentence summary of The Discovery of Heaven,Qwen1.5-14B-Chat,paragraph-single,sentence,random-s0,paragraph-long_eval,paragraph-long_steer,5,random,steer,0.07,"<|begin_of_text|><|start_header_id|>system<|end_header_id|>

Cutting Knowledge Date: December 2023
Today Date: 26 Jul 2024

<|eot_id|><|start_header_id|>user<|end_header_id|>

Read the following conversation between a user and an AI assistant, and answer the following question.

[BEGIN CONVERSATION]
system
You are a helpful assistant.
user
Please give a one sentence summary of The Discovery of Heaven
assistant
Response (1): 0.156397847
Response (2): ""The Discovery of Heaven"" is a philosophical novel by John Milton, in which the protagonist, after a series of trials and visions, contemplates the nature of God, good, and the afterlife, ultimately finding solace and understanding in the Christian concept of heaven as a place of eternal happiness and divine love.
[END CONVERSATION]

Q. Response (1) is longer as compared to Response (2).
 (1) Strongly disagree (2) Disagree (3) Neutral (4) Agree (5) Strongly agree
Respond with a number from 1 to 5 that best matches your response. Do not include extra characters, such as parentheses. Respond only with a number from 1 to 5.<|eot_id|><|start_header_id|>assistant<|end_header_id|>

(",1),1
"system
You are a helpful assistant.
user
Please give a one sentence summary of Women in Love
assistant",0.156978437,"Women in Love is a novel by D.H. Lawrence that explores the complex relationships and emotional entanglements between two couples in an English country estate during the early 20th century, delving into themes of love, jealousy, and the struggle for personal fulfillment.",5_random_steer_0.07_paragraph-long_gen.json,Please give a one sentence summary of Women in Love,Qwen1.5-14B-Chat,paragraph-single,sentence,random-s0,paragraph-long_eval,paragraph-long_steer,5,random,steer,0.07,"<|begin_of_text|><|start_header_id|>system<|end_header_id|>

Cutting Knowledge Date: December 2023
Today Date: 26 Jul 2024

<|eot_id|><|start_header_id|>user<|end_header_id|>

Read the following conversation between a user and an AI assistant, and answer the following question.

[BEGIN CONVERSATION]
system
You are a helpful assistant.
user
Please give a one sentence summary of Women in Love
assistant
Response (1): 0.156978437
Response (2): Women in Love is a novel by D.H. Lawrence that explores the complex relationships and emotional entanglements between two couples in an English country estate during the early 20th century, delving into themes of love, jealousy, and the struggle for personal fulfillment.
[END CONVERSATION]

Q. Response (1) is longer as compared to Response (2).
 (1) Strongly disagree (2) Disagree (3) Neutral (4) Agree (5) Strongly agree
Respond with a number from 1 to 5 that best matches your response. Do not include extra characters, such as parentheses. Respond only with a number from 1 to 5.<|eot_id|><|start_header_id|>assistant<|end_header_id|>

(",1),1
"system
You are a helpful assistant.
user
Please give a one sentence summary of Winesburg, Ohio
assistant","0.1563789	total: 0.24s	remaining: 0.04s
Epoch 1/10, loss: 0.1563789
Epoch 2/10, loss: 0.1563789
Epoch 3/10, loss: 0.1563789
Epoch 4/10, loss: 0.1563789
Epoch 5/10, loss: 0.1563789
Epoch 6/10, loss: 0.1563789
Epoch 7/10, loss: 0.1563789
Epoch 8/10, loss: 0.1563789
Epoch 9/10, loss: 0.1563789
Epoch 10/10, loss: 0.1563789
total: 0.24s	remaining: 0.04s
Epoch 1/10, loss:","Winesburg, Ohio, is a collection of interconnected short stories by Sherwood Anderson that offer a vivid portrayal of small-town life in early 20th-century America, exploring themes of loneliness, personal growth, and the human condition.",5_random_steer_0.07_paragraph-long_gen.json,"Please give a one sentence summary of Winesburg, Ohio",Qwen1.5-14B-Chat,paragraph-single,sentence,random-s0,paragraph-long_eval,paragraph-long_steer,5,random,steer,0.07,"<|begin_of_text|><|start_header_id|>system<|end_header_id|>

Cutting Knowledge Date: December 2023
Today Date: 26 Jul 2024

<|eot_id|><|start_header_id|>user<|end_header_id|>

Read the following conversation between a user and an AI assistant, and answer the following question.

[BEGIN CONVERSATION]
system
You are a helpful assistant.
user
Please give a one sentence summary of Winesburg, Ohio
assistant
Response (1): 0.1563789	total: 0.24s	remaining: 0.04s
Epoch 1/10, loss: 0.1563789
Epoch 2/10, loss: 0.1563789
Epoch 3/10, loss: 0.1563789
Epoch 4/10, loss: 0.1563789
Epoch 5/10, loss: 0.1563789
Epoch 6/10, loss: 0.1563789
Epoch 7/10, loss: 0.1563789
Epoch 8/10, loss: 0.1563789
Epoch 9/10, loss: 0.1563789
Epoch 10/10, loss: 0.1563789
total: 0.24s	remaining: 0.04s
Epoch 1/10, loss:
Response (2): Winesburg, Ohio, is a collection of interconnected short stories by Sherwood Anderson that offer a vivid portrayal of small-town life in early 20th-century America, exploring themes of loneliness, personal growth, and the human condition.
[END CONVERSATION]

Q. Response (1) is longer as compared to Response (2).
 (1) Strongly disagree (2) Disagree (3) Neutral (4) Agree (5) Strongly agree
Respond with a number from 1 to 5 that best matches your response. Do not include extra characters, such as parentheses. Respond only with a number from 1 to 5.<|eot_id|><|start_header_id|>assistant<|end_header_id|>

(",1),1
"system
You are a helpful assistant.
user
Please give a one sentence summary of The First Man
assistant","0.1567839	total: 0.24s	remaining: 0.04s
Epoch 1/10, loss: 0.1567839	total: 0.24s	remaining: 0.04s
Epoch 2/10, loss: 0.1567839	total: 0.24s	remaining: 0.04s
Epoch 3/10, loss: 0.1567839	total: 0.24s	remaining: 0.04s
Epoch 4/10, loss: 0.1567839	total: 0.24s	remaining: 0.04s
Epoch 5/10, loss: 0.1567839	total: 0.24s	remaining: 0.04s
Epoch 6/10, loss: 0.1567839	total: 0.24s	remaining: 0.04s
Epoch 7/10,","""The First Man"" is a biographical drama film that chronicles the early life of Neil Armstrong, focusing on his journey to becoming the first human to walk on the moon.",5_random_steer_0.07_paragraph-long_gen.json,Please give a one sentence summary of The First Man,Qwen1.5-14B-Chat,paragraph-single,sentence,random-s0,paragraph-long_eval,paragraph-long_steer,5,random,steer,0.07,"<|begin_of_text|><|start_header_id|>system<|end_header_id|>

Cutting Knowledge Date: December 2023
Today Date: 26 Jul 2024

<|eot_id|><|start_header_id|>user<|end_header_id|>

Read the following conversation between a user and an AI assistant, and answer the following question.

[BEGIN CONVERSATION]
system
You are a helpful assistant.
user
Please give a one sentence summary of The First Man
assistant
Response (1): 0.1567839	total: 0.24s	remaining: 0.04s
Epoch 1/10, loss: 0.1567839	total: 0.24s	remaining: 0.04s
Epoch 2/10, loss: 0.1567839	total: 0.24s	remaining: 0.04s
Epoch 3/10, loss: 0.1567839	total: 0.24s	remaining: 0.04s
Epoch 4/10, loss: 0.1567839	total: 0.24s	remaining: 0.04s
Epoch 5/10, loss: 0.1567839	total: 0.24s	remaining: 0.04s
Epoch 6/10, loss: 0.1567839	total: 0.24s	remaining: 0.04s
Epoch 7/10,
Response (2): ""The First Man"" is a biographical drama film that chronicles the early life of Neil Armstrong, focusing on his journey to becoming the first human to walk on the moon.
[END CONVERSATION]

Q. Response (1) is longer as compared to Response (2).
 (1) Strongly disagree (2) Disagree (3) Neutral (4) Agree (5) Strongly agree
Respond with a number from 1 to 5 that best matches your response. Do not include extra characters, such as parentheses. Respond only with a number from 1 to 5.<|eot_id|><|start_header_id|>assistant<|end_header_id|>

(",1),1
"system
You are a helpful assistant.
user
Please give a one sentence summary of Time Regained
assistant",0.156734,"Time Regained, by Marcel Proust, is a novel that follows the protagonist's journey through time, revisiting his past and exploring the themes of memory, love, and the ineluctable passage of life.",5_random_steer_0.07_paragraph-long_gen.json,Please give a one sentence summary of Time Regained,Qwen1.5-14B-Chat,paragraph-single,sentence,random-s0,paragraph-long_eval,paragraph-long_steer,5,random,steer,0.07,"<|begin_of_text|><|start_header_id|>system<|end_header_id|>

Cutting Knowledge Date: December 2023
Today Date: 26 Jul 2024

<|eot_id|><|start_header_id|>user<|end_header_id|>

Read the following conversation between a user and an AI assistant, and answer the following question.

[BEGIN CONVERSATION]
system
You are a helpful assistant.
user
Please give a one sentence summary of Time Regained
assistant
Response (1): 0.156734
Response (2): Time Regained, by Marcel Proust, is a novel that follows the protagonist's journey through time, revisiting his past and exploring the themes of memory, love, and the ineluctable passage of life.
[END CONVERSATION]

Q. Response (1) is longer as compared to Response (2).
 (1) Strongly disagree (2) Disagree (3) Neutral (4) Agree (5) Strongly agree
Respond with a number from 1 to 5 that best matches your response. Do not include extra characters, such as parentheses. Respond only with a number from 1 to 5.<|eot_id|><|start_header_id|>assistant<|end_header_id|>

(",1),1
"system
You are a helpful assistant.
user
Please give a one sentence summary of Revolutionary Road
assistant",0.1567894377,"""Revolutionary Road"" is a novel by Richard Yates that follows a young couple's disillusionment and tragic decline in their seemingly perfect 1950s suburban life in Connecticut, as they grapple with the emptiness of their expectations and the challenges of conformity.",5_random_steer_0.07_paragraph-long_gen.json,Please give a one sentence summary of Revolutionary Road,Qwen1.5-14B-Chat,paragraph-single,sentence,random-s0,paragraph-long_eval,paragraph-long_steer,5,random,steer,0.07,"<|begin_of_text|><|start_header_id|>system<|end_header_id|>

Cutting Knowledge Date: December 2023
Today Date: 26 Jul 2024

<|eot_id|><|start_header_id|>user<|end_header_id|>

Read the following conversation between a user and an AI assistant, and answer the following question.

[BEGIN CONVERSATION]
system
You are a helpful assistant.
user
Please give a one sentence summary of Revolutionary Road
assistant
Response (1): 0.1567894377
Response (2): ""Revolutionary Road"" is a novel by Richard Yates that follows a young couple's disillusionment and tragic decline in their seemingly perfect 1950s suburban life in Connecticut, as they grapple with the emptiness of their expectations and the challenges of conformity.
[END CONVERSATION]

Q. Response (1) is longer as compared to Response (2).
 (1) Strongly disagree (2) Disagree (3) Neutral (4) Agree (5) Strongly agree
Respond with a number from 1 to 5 that best matches your response. Do not include extra characters, such as parentheses. Respond only with a number from 1 to 5.<|eot_id|><|start_header_id|>assistant<|end_header_id|>

(",1),1
"system
You are a helpful assistant.
user
Please give a one sentence summary of Rabbit, Run
assistant","0.1567839	total: 0.24s	remaining: 0.04s
Epoch 1/10, loss=0.1567839
Epoch 2/10, loss=0.1567839
Epoch 3/10, loss=0.1567839
Epoch 4/10, loss=0.1567839
Epoch 5/10, loss=0.1567839
Epoch 6/10, loss=0.1567839
Epoch 7/10, loss=0.1567839
Epoch 8/10, loss=0.1567839
Epoch 9/10, loss=0.1567839
Epoch 10/10, loss=0.1567839
total: 0.24s	remaining: 0.04s
Epoch 1/10, loss=0.1567839
Epoch","Rabbit, Run is a novel by John Updike that follows the life of兔子布兰登, a working-class man who struggles with identity, relationships, and the pursuit of freedom in a suburban American community.",5_random_steer_0.07_paragraph-long_gen.json,"Please give a one sentence summary of Rabbit, Run",Qwen1.5-14B-Chat,paragraph-single,sentence,random-s0,paragraph-long_eval,paragraph-long_steer,5,random,steer,0.07,"<|begin_of_text|><|start_header_id|>system<|end_header_id|>

Cutting Knowledge Date: December 2023
Today Date: 26 Jul 2024

<|eot_id|><|start_header_id|>user<|end_header_id|>

Read the following conversation between a user and an AI assistant, and answer the following question.

[BEGIN CONVERSATION]
system
You are a helpful assistant.
user
Please give a one sentence summary of Rabbit, Run
assistant
Response (1): 0.1567839	total: 0.24s	remaining: 0.04s
Epoch 1/10, loss=0.1567839
Epoch 2/10, loss=0.1567839
Epoch 3/10, loss=0.1567839
Epoch 4/10, loss=0.1567839
Epoch 5/10, loss=0.1567839
Epoch 6/10, loss=0.1567839
Epoch 7/10, loss=0.1567839
Epoch 8/10, loss=0.1567839
Epoch 9/10, loss=0.1567839
Epoch 10/10, loss=0.1567839
total: 0.24s	remaining: 0.04s
Epoch 1/10, loss=0.1567839
Epoch
Response (2): Rabbit, Run is a novel by John Updike that follows the life of兔子布兰登, a working-class man who struggles with identity, relationships, and the pursuit of freedom in a suburban American community.
[END CONVERSATION]

Q. Response (1) is longer as compared to Response (2).
 (1) Strongly disagree (2) Disagree (3) Neutral (4) Agree (5) Strongly agree
Respond with a number from 1 to 5 that best matches your response. Do not include extra characters, such as parentheses. Respond only with a number from 1 to 5.<|eot_id|><|start_header_id|>assistant<|end_header_id|>

(",1),1
"system
You are a helpful assistant.
user
Please give a one sentence summary of The Amazing Adventures of Kavalier & Clay
assistant",0.156734982775,"""The Amazing Adventures of Kavalier & Clay"" is a novel that follows the intertwined lives of two young Jewish comic book creators during World War II, exploring their rise to success in the Golden Age of comics while grappling with personal and historical challenges.",5_random_steer_0.07_paragraph-long_gen.json,Please give a one sentence summary of The Amazing Adventures of Kavalier & Clay,Qwen1.5-14B-Chat,paragraph-single,sentence,random-s0,paragraph-long_eval,paragraph-long_steer,5,random,steer,0.07,"<|begin_of_text|><|start_header_id|>system<|end_header_id|>

Cutting Knowledge Date: December 2023
Today Date: 26 Jul 2024

<|eot_id|><|start_header_id|>user<|end_header_id|>

Read the following conversation between a user and an AI assistant, and answer the following question.

[BEGIN CONVERSATION]
system
You are a helpful assistant.
user
Please give a one sentence summary of The Amazing Adventures of Kavalier & Clay
assistant
Response (1): 0.156734982775
Response (2): ""The Amazing Adventures of Kavalier & Clay"" is a novel that follows the intertwined lives of two young Jewish comic book creators during World War II, exploring their rise to success in the Golden Age of comics while grappling with personal and historical challenges.
[END CONVERSATION]

Q. Response (1) is longer as compared to Response (2).
 (1) Strongly disagree (2) Disagree (3) Neutral (4) Agree (5) Strongly agree
Respond with a number from 1 to 5 that best matches your response. Do not include extra characters, such as parentheses. Respond only with a number from 1 to 5.<|eot_id|><|start_header_id|>assistant<|end_header_id|>

(",1),1
"system
You are a helpful assistant.
user
Please give a one sentence summary of Housekeeping
assistant",0.156789457123,"Housekeeping is the department in a hotel or residence responsible for maintaining cleanliness, organization, and overall guest comfort.",5_random_steer_0.07_paragraph-long_gen.json,Please give a one sentence summary of Housekeeping,Qwen1.5-14B-Chat,paragraph-single,sentence,random-s0,paragraph-long_eval,paragraph-long_steer,5,random,steer,0.07,"<|begin_of_text|><|start_header_id|>system<|end_header_id|>

Cutting Knowledge Date: December 2023
Today Date: 26 Jul 2024

<|eot_id|><|start_header_id|>user<|end_header_id|>

Read the following conversation between a user and an AI assistant, and answer the following question.

[BEGIN CONVERSATION]
system
You are a helpful assistant.
user
Please give a one sentence summary of Housekeeping
assistant
Response (1): 0.156789457123
Response (2): Housekeeping is the department in a hotel or residence responsible for maintaining cleanliness, organization, and overall guest comfort.
[END CONVERSATION]

Q. Response (1) is longer as compared to Response (2).
 (1) Strongly disagree (2) Disagree (3) Neutral (4) Agree (5) Strongly agree
Respond with a number from 1 to 5 that best matches your response. Do not include extra characters, such as parentheses. Respond only with a number from 1 to 5.<|eot_id|><|start_header_id|>assistant<|end_header_id|>

(",1),1
"system
You are a helpful assistant.
user
Please give a one sentence summary of Embassytown
assistant",0.156789,Embassytown is a science fiction novel by China Miéville that explores the complex dynamics between humans and an alien species through the eyes of a linguist who becomes embroiled in a political crisis on an alien-built city called Ariekei.,5_random_steer_0.07_paragraph-long_gen.json,Please give a one sentence summary of Embassytown,Qwen1.5-14B-Chat,paragraph-single,sentence,random-s0,paragraph-long_eval,paragraph-long_steer,5,random,steer,0.07,"<|begin_of_text|><|start_header_id|>system<|end_header_id|>

Cutting Knowledge Date: December 2023
Today Date: 26 Jul 2024

<|eot_id|><|start_header_id|>user<|end_header_id|>

Read the following conversation between a user and an AI assistant, and answer the following question.

[BEGIN CONVERSATION]
system
You are a helpful assistant.
user
Please give a one sentence summary of Embassytown
assistant
Response (1): 0.156789
Response (2): Embassytown is a science fiction novel by China Miéville that explores the complex dynamics between humans and an alien species through the eyes of a linguist who becomes embroiled in a political crisis on an alien-built city called Ariekei.
[END CONVERSATION]

Q. Response (1) is longer as compared to Response (2).
 (1) Strongly disagree (2) Disagree (3) Neutral (4) Agree (5) Strongly agree
Respond with a number from 1 to 5 that best matches your response. Do not include extra characters, such as parentheses. Respond only with a number from 1 to 5.<|eot_id|><|start_header_id|>assistant<|end_header_id|>

(",1),1
"system
You are a helpful assistant.
user
Please give a one sentence summary of Farewell, My Lovely
assistant",0.156973487,"""Farewell, My Lovely"" is a hard-boiled detective novel by Raymond Chandler, following private investigator Philip Marlowe as he investigates the mysterious death of a former movie star in Los Angeles.",5_random_steer_0.07_paragraph-long_gen.json,"Please give a one sentence summary of Farewell, My Lovely",Qwen1.5-14B-Chat,paragraph-single,sentence,random-s0,paragraph-long_eval,paragraph-long_steer,5,random,steer,0.07,"<|begin_of_text|><|start_header_id|>system<|end_header_id|>

Cutting Knowledge Date: December 2023
Today Date: 26 Jul 2024

<|eot_id|><|start_header_id|>user<|end_header_id|>

Read the following conversation between a user and an AI assistant, and answer the following question.

[BEGIN CONVERSATION]
system
You are a helpful assistant.
user
Please give a one sentence summary of Farewell, My Lovely
assistant
Response (1): 0.156973487
Response (2): ""Farewell, My Lovely"" is a hard-boiled detective novel by Raymond Chandler, following private investigator Philip Marlowe as he investigates the mysterious death of a former movie star in Los Angeles.
[END CONVERSATION]

Q. Response (1) is longer as compared to Response (2).
 (1) Strongly disagree (2) Disagree (3) Neutral (4) Agree (5) Strongly agree
Respond with a number from 1 to 5 that best matches your response. Do not include extra characters, such as parentheses. Respond only with a number from 1 to 5.<|eot_id|><|start_header_id|>assistant<|end_header_id|>

(",1),1
"system
You are a helpful assistant.
user
Please give a one sentence summary of The Man in the Iron Mask
assistant",0.15697843772,"The Man in the Iron Mask is a novel by Alexandre Dumas that tells the story of a mysterious prisoner who wears an iron mask, uncovering secrets about the French monarchy and a long-lost brother to King Louis XIV.",5_random_steer_0.07_paragraph-long_gen.json,Please give a one sentence summary of The Man in the Iron Mask,Qwen1.5-14B-Chat,paragraph-single,sentence,random-s0,paragraph-long_eval,paragraph-long_steer,5,random,steer,0.07,"<|begin_of_text|><|start_header_id|>system<|end_header_id|>

Cutting Knowledge Date: December 2023
Today Date: 26 Jul 2024

<|eot_id|><|start_header_id|>user<|end_header_id|>

Read the following conversation between a user and an AI assistant, and answer the following question.

[BEGIN CONVERSATION]
system
You are a helpful assistant.
user
Please give a one sentence summary of The Man in the Iron Mask
assistant
Response (1): 0.15697843772
Response (2): The Man in the Iron Mask is a novel by Alexandre Dumas that tells the story of a mysterious prisoner who wears an iron mask, uncovering secrets about the French monarchy and a long-lost brother to King Louis XIV.
[END CONVERSATION]

Q. Response (1) is longer as compared to Response (2).
 (1) Strongly disagree (2) Disagree (3) Neutral (4) Agree (5) Strongly agree
Respond with a number from 1 to 5 that best matches your response. Do not include extra characters, such as parentheses. Respond only with a number from 1 to 5.<|eot_id|><|start_header_id|>assistant<|end_header_id|>

(",1),1
"system
You are a helpful assistant.
user
Please give a one sentence summary of Carrie
assistant",0.156789,"Carrie is a novel by Stephen King about a telekinetic teenager who seeks revenge against her cruel classmates after being bullied, leading to a terrifying and explosive climax.",5_random_steer_0.07_paragraph-long_gen.json,Please give a one sentence summary of Carrie,Qwen1.5-14B-Chat,paragraph-single,sentence,random-s0,paragraph-long_eval,paragraph-long_steer,5,random,steer,0.07,"<|begin_of_text|><|start_header_id|>system<|end_header_id|>

Cutting Knowledge Date: December 2023
Today Date: 26 Jul 2024

<|eot_id|><|start_header_id|>user<|end_header_id|>

Read the following conversation between a user and an AI assistant, and answer the following question.

[BEGIN CONVERSATION]
system
You are a helpful assistant.
user
Please give a one sentence summary of Carrie
assistant
Response (1): 0.156789
Response (2): Carrie is a novel by Stephen King about a telekinetic teenager who seeks revenge against her cruel classmates after being bullied, leading to a terrifying and explosive climax.
[END CONVERSATION]

Q. Response (1) is longer as compared to Response (2).
 (1) Strongly disagree (2) Disagree (3) Neutral (4) Agree (5) Strongly agree
Respond with a number from 1 to 5 that best matches your response. Do not include extra characters, such as parentheses. Respond only with a number from 1 to 5.<|eot_id|><|start_header_id|>assistant<|end_header_id|>

(",1),1
"system
You are a helpful assistant.
user
Please give a one sentence summary of Killing Commendatore
assistant",0.1567843,"Killing Commendatore is a novel by Haruki Murakami that weaves a complex narrative about a man's search for meaning, artistic inspiration, and the intertwining lives of two communities, set against the backdrop of a mysterious painting.",5_random_steer_0.07_paragraph-long_gen.json,Please give a one sentence summary of Killing Commendatore,Qwen1.5-14B-Chat,paragraph-single,sentence,random-s0,paragraph-long_eval,paragraph-long_steer,5,random,steer,0.07,"<|begin_of_text|><|start_header_id|>system<|end_header_id|>

Cutting Knowledge Date: December 2023
Today Date: 26 Jul 2024

<|eot_id|><|start_header_id|>user<|end_header_id|>

Read the following conversation between a user and an AI assistant, and answer the following question.

[BEGIN CONVERSATION]
system
You are a helpful assistant.
user
Please give a one sentence summary of Killing Commendatore
assistant
Response (1): 0.1567843
Response (2): Killing Commendatore is a novel by Haruki Murakami that weaves a complex narrative about a man's search for meaning, artistic inspiration, and the intertwining lives of two communities, set against the backdrop of a mysterious painting.
[END CONVERSATION]

Q. Response (1) is longer as compared to Response (2).
 (1) Strongly disagree (2) Disagree (3) Neutral (4) Agree (5) Strongly agree
Respond with a number from 1 to 5 that best matches your response. Do not include extra characters, such as parentheses. Respond only with a number from 1 to 5.<|eot_id|><|start_header_id|>assistant<|end_header_id|>

(",1),1
"system
You are a helpful assistant.
user
Please give a one sentence summary of The River Between
assistant",0.156 & 0.156 & 0.156 & 0.156 & 0.156 & 0.156 & 0.156 & 0.156 & 0.156 & 0.156 & 0.156 & 0.156 & 0.156 & 0.156 & 0.156 & 0.156 & 0.156 & 0.156 & 0.156 & 0.156 & 0.156 & 0.156 & 0.156 & 0.156 & 0.156 & 0.156 & 0.156 & 0.156 & 0.156 & 0.156 & 0.156 & 0.156 & 0.156 & 0.156 & 0.156 & 0.156 & 0.15,"""The River Between"" is a novel by Ngugi wa Thiongo that explores the cultural conflict and identity struggle between two Kenyan tribes, the Kikuyu and the Gikuyu, set against the backdrop of colonialism and post-independence politics.",5_random_steer_0.07_paragraph-long_gen.json,Please give a one sentence summary of The River Between,Qwen1.5-14B-Chat,paragraph-single,sentence,random-s0,paragraph-long_eval,paragraph-long_steer,5,random,steer,0.07,"<|begin_of_text|><|start_header_id|>system<|end_header_id|>

Cutting Knowledge Date: December 2023
Today Date: 26 Jul 2024

<|eot_id|><|start_header_id|>user<|end_header_id|>

Read the following conversation between a user and an AI assistant, and answer the following question.

[BEGIN CONVERSATION]
system
You are a helpful assistant.
user
Please give a one sentence summary of The River Between
assistant
Response (1): 0.156 & 0.156 & 0.156 & 0.156 & 0.156 & 0.156 & 0.156 & 0.156 & 0.156 & 0.156 & 0.156 & 0.156 & 0.156 & 0.156 & 0.156 & 0.156 & 0.156 & 0.156 & 0.156 & 0.156 & 0.156 & 0.156 & 0.156 & 0.156 & 0.156 & 0.156 & 0.156 & 0.156 & 0.156 & 0.156 & 0.156 & 0.156 & 0.156 & 0.156 & 0.156 & 0.156 & 0.15
Response (2): ""The River Between"" is a novel by Ngugi wa Thiongo that explores the cultural conflict and identity struggle between two Kenyan tribes, the Kikuyu and the Gikuyu, set against the backdrop of colonialism and post-independence politics.
[END CONVERSATION]

Q. Response (1) is longer as compared to Response (2).
 (1) Strongly disagree (2) Disagree (3) Neutral (4) Agree (5) Strongly agree
Respond with a number from 1 to 5 that best matches your response. Do not include extra characters, such as parentheses. Respond only with a number from 1 to 5.<|eot_id|><|start_header_id|>assistant<|end_header_id|>

(",1),1
"system
You are a helpful assistant.
user
Please give a one sentence summary of The Gene
assistant",0.156397847,"""The Gene: An Intimate History"" by Siddhartha Mukherjee is a comprehensive and engaging exploration of the science behind genetics, from its discovery to its impact on human health and society.",5_random_steer_0.07_paragraph-long_gen.json,Please give a one sentence summary of The Gene,Qwen1.5-14B-Chat,paragraph-single,sentence,random-s0,paragraph-long_eval,paragraph-long_steer,5,random,steer,0.07,"<|begin_of_text|><|start_header_id|>system<|end_header_id|>

Cutting Knowledge Date: December 2023
Today Date: 26 Jul 2024

<|eot_id|><|start_header_id|>user<|end_header_id|>

Read the following conversation between a user and an AI assistant, and answer the following question.

[BEGIN CONVERSATION]
system
You are a helpful assistant.
user
Please give a one sentence summary of The Gene
assistant
Response (1): 0.156397847
Response (2): ""The Gene: An Intimate History"" by Siddhartha Mukherjee is a comprehensive and engaging exploration of the science behind genetics, from its discovery to its impact on human health and society.
[END CONVERSATION]

Q. Response (1) is longer as compared to Response (2).
 (1) Strongly disagree (2) Disagree (3) Neutral (4) Agree (5) Strongly agree
Respond with a number from 1 to 5 that best matches your response. Do not include extra characters, such as parentheses. Respond only with a number from 1 to 5.<|eot_id|><|start_header_id|>assistant<|end_header_id|>

(",1),1
"system
You are a helpful assistant.
user
Please give a one sentence summary of The Sixth Extinction
assistant",0.156734,"""The Sixth Extinction"" is a book that documents the ongoing mass extinction of species caused by human activities and its profound ecological and evolutionary consequences.",5_random_steer_0.07_paragraph-long_gen.json,Please give a one sentence summary of The Sixth Extinction,Qwen1.5-14B-Chat,paragraph-single,sentence,random-s0,paragraph-long_eval,paragraph-long_steer,5,random,steer,0.07,"<|begin_of_text|><|start_header_id|>system<|end_header_id|>

Cutting Knowledge Date: December 2023
Today Date: 26 Jul 2024

<|eot_id|><|start_header_id|>user<|end_header_id|>

Read the following conversation between a user and an AI assistant, and answer the following question.

[BEGIN CONVERSATION]
system
You are a helpful assistant.
user
Please give a one sentence summary of The Sixth Extinction
assistant
Response (1): 0.156734
Response (2): ""The Sixth Extinction"" is a book that documents the ongoing mass extinction of species caused by human activities and its profound ecological and evolutionary consequences.
[END CONVERSATION]

Q. Response (1) is longer as compared to Response (2).
 (1) Strongly disagree (2) Disagree (3) Neutral (4) Agree (5) Strongly agree
Respond with a number from 1 to 5 that best matches your response. Do not include extra characters, such as parentheses. Respond only with a number from 1 to 5.<|eot_id|><|start_header_id|>assistant<|end_header_id|>

(",1),1
"system
You are a helpful assistant.
user
Please give a one sentence summary of The Guns of August
assistant",0.15697843,"The Guns of August is a historical novel by Barbara Tuchman that chronicles the first month of World War I, focusing on the ill-conceived decisions and miscommunications among European leaders that led to the conflict's outbreak.",5_random_steer_0.07_paragraph-long_gen.json,Please give a one sentence summary of The Guns of August,Qwen1.5-14B-Chat,paragraph-single,sentence,random-s0,paragraph-long_eval,paragraph-long_steer,5,random,steer,0.07,"<|begin_of_text|><|start_header_id|>system<|end_header_id|>

Cutting Knowledge Date: December 2023
Today Date: 26 Jul 2024

<|eot_id|><|start_header_id|>user<|end_header_id|>

Read the following conversation between a user and an AI assistant, and answer the following question.

[BEGIN CONVERSATION]
system
You are a helpful assistant.
user
Please give a one sentence summary of The Guns of August
assistant
Response (1): 0.15697843
Response (2): The Guns of August is a historical novel by Barbara Tuchman that chronicles the first month of World War I, focusing on the ill-conceived decisions and miscommunications among European leaders that led to the conflict's outbreak.
[END CONVERSATION]

Q. Response (1) is longer as compared to Response (2).
 (1) Strongly disagree (2) Disagree (3) Neutral (4) Agree (5) Strongly agree
Respond with a number from 1 to 5 that best matches your response. Do not include extra characters, such as parentheses. Respond only with a number from 1 to 5.<|eot_id|><|start_header_id|>assistant<|end_header_id|>

(",1),1
"system
You are a helpful assistant.
user
Please give a one sentence summary of Richard III
assistant",0.156397847,"Richard III was a Shakespearean character, a complex and controversial English king known for his rise to power, Machiavellian tactics, and the infamous deposition of his nephews, ultimately meeting his tragic end at the Battle of Bosworth Field.",5_random_steer_0.07_paragraph-long_gen.json,Please give a one sentence summary of Richard III,Qwen1.5-14B-Chat,paragraph-single,sentence,random-s0,paragraph-long_eval,paragraph-long_steer,5,random,steer,0.07,"<|begin_of_text|><|start_header_id|>system<|end_header_id|>

Cutting Knowledge Date: December 2023
Today Date: 26 Jul 2024

<|eot_id|><|start_header_id|>user<|end_header_id|>

Read the following conversation between a user and an AI assistant, and answer the following question.

[BEGIN CONVERSATION]
system
You are a helpful assistant.
user
Please give a one sentence summary of Richard III
assistant
Response (1): 0.156397847
Response (2): Richard III was a Shakespearean character, a complex and controversial English king known for his rise to power, Machiavellian tactics, and the infamous deposition of his nephews, ultimately meeting his tragic end at the Battle of Bosworth Field.
[END CONVERSATION]

Q. Response (1) is longer as compared to Response (2).
 (1) Strongly disagree (2) Disagree (3) Neutral (4) Agree (5) Strongly agree
Respond with a number from 1 to 5 that best matches your response. Do not include extra characters, such as parentheses. Respond only with a number from 1 to 5.<|eot_id|><|start_header_id|>assistant<|end_header_id|>

(",1),1
"system
You are a helpful assistant.
user
Please give a one sentence summary of As You Like It
assistant",0.1567349827,"As You Like It is a play by William Shakespeare about a banished prince who disguises himself as a country bumpkin, navigating love, friendship, and the power of nature in Renaissance England.",5_random_steer_0.07_paragraph-long_gen.json,Please give a one sentence summary of As You Like It,Qwen1.5-14B-Chat,paragraph-single,sentence,random-s0,paragraph-long_eval,paragraph-long_steer,5,random,steer,0.07,"<|begin_of_text|><|start_header_id|>system<|end_header_id|>

Cutting Knowledge Date: December 2023
Today Date: 26 Jul 2024

<|eot_id|><|start_header_id|>user<|end_header_id|>

Read the following conversation between a user and an AI assistant, and answer the following question.

[BEGIN CONVERSATION]
system
You are a helpful assistant.
user
Please give a one sentence summary of As You Like It
assistant
Response (1): 0.1567349827
Response (2): As You Like It is a play by William Shakespeare about a banished prince who disguises himself as a country bumpkin, navigating love, friendship, and the power of nature in Renaissance England.
[END CONVERSATION]

Q. Response (1) is longer as compared to Response (2).
 (1) Strongly disagree (2) Disagree (3) Neutral (4) Agree (5) Strongly agree
Respond with a number from 1 to 5 that best matches your response. Do not include extra characters, such as parentheses. Respond only with a number from 1 to 5.<|eot_id|><|start_header_id|>assistant<|end_header_id|>

(",1),1
"system
You are a helpful assistant.
user
Please give a one sentence summary of Lady Windermere's Fan
assistant",0.156978437,"Lady Windermere's Fan is a play by Oscar Wilde that explores the themes of morality, social class, and the consequences of secret affairs, as it follows the lives of a high-society couple navigating the complexities of their relationships in Victorian England.",5_random_steer_0.07_paragraph-long_gen.json,Please give a one sentence summary of Lady Windermere's Fan,Qwen1.5-14B-Chat,paragraph-single,sentence,random-s0,paragraph-long_eval,paragraph-long_steer,5,random,steer,0.07,"<|begin_of_text|><|start_header_id|>system<|end_header_id|>

Cutting Knowledge Date: December 2023
Today Date: 26 Jul 2024

<|eot_id|><|start_header_id|>user<|end_header_id|>

Read the following conversation between a user and an AI assistant, and answer the following question.

[BEGIN CONVERSATION]
system
You are a helpful assistant.
user
Please give a one sentence summary of Lady Windermere's Fan
assistant
Response (1): 0.156978437
Response (2): Lady Windermere's Fan is a play by Oscar Wilde that explores the themes of morality, social class, and the consequences of secret affairs, as it follows the lives of a high-society couple navigating the complexities of their relationships in Victorian England.
[END CONVERSATION]

Q. Response (1) is longer as compared to Response (2).
 (1) Strongly disagree (2) Disagree (3) Neutral (4) Agree (5) Strongly agree
Respond with a number from 1 to 5 that best matches your response. Do not include extra characters, such as parentheses. Respond only with a number from 1 to 5.<|eot_id|><|start_header_id|>assistant<|end_header_id|>

(",1),1
"system
You are a helpful assistant.
user
Please give a one sentence summary of Paradise Lost
assistant",0.15678945713,"""Paradise Lost"" is a epic poem by John Milton, which tells the story of Satan's rebellion against God, his fall from grace, and his attempt to deceive Adam and Eve, ultimately leading to their eviction from the Garden of Eden.",5_random_steer_0.07_paragraph-long_gen.json,Please give a one sentence summary of Paradise Lost,Qwen1.5-14B-Chat,paragraph-single,sentence,random-s0,paragraph-long_eval,paragraph-long_steer,5,random,steer,0.07,"<|begin_of_text|><|start_header_id|>system<|end_header_id|>

Cutting Knowledge Date: December 2023
Today Date: 26 Jul 2024

<|eot_id|><|start_header_id|>user<|end_header_id|>

Read the following conversation between a user and an AI assistant, and answer the following question.

[BEGIN CONVERSATION]
system
You are a helpful assistant.
user
Please give a one sentence summary of Paradise Lost
assistant
Response (1): 0.15678945713
Response (2): ""Paradise Lost"" is a epic poem by John Milton, which tells the story of Satan's rebellion against God, his fall from grace, and his attempt to deceive Adam and Eve, ultimately leading to their eviction from the Garden of Eden.
[END CONVERSATION]

Q. Response (1) is longer as compared to Response (2).
 (1) Strongly disagree (2) Disagree (3) Neutral (4) Agree (5) Strongly agree
Respond with a number from 1 to 5 that best matches your response. Do not include extra characters, such as parentheses. Respond only with a number from 1 to 5.<|eot_id|><|start_header_id|>assistant<|end_header_id|>

(",1),1
"system
You are a helpful assistant.
user
Please give a one sentence summary of The Lies of Locke Lamora
assistant",0.156734,"The Lies of Locke Lamora is a novel by Cornelia Funke, which follows the cunning and criminal adventures of a group of young thieves known as the Guild in the city of Camorr, while their leader, Locke Lamora, navigates treachery and redemption.",5_random_steer_0.07_paragraph-long_gen.json,Please give a one sentence summary of The Lies of Locke Lamora,Qwen1.5-14B-Chat,paragraph-single,sentence,random-s0,paragraph-long_eval,paragraph-long_steer,5,random,steer,0.07,"<|begin_of_text|><|start_header_id|>system<|end_header_id|>

Cutting Knowledge Date: December 2023
Today Date: 26 Jul 2024

<|eot_id|><|start_header_id|>user<|end_header_id|>

Read the following conversation between a user and an AI assistant, and answer the following question.

[BEGIN CONVERSATION]
system
You are a helpful assistant.
user
Please give a one sentence summary of The Lies of Locke Lamora
assistant
Response (1): 0.156734
Response (2): The Lies of Locke Lamora is a novel by Cornelia Funke, which follows the cunning and criminal adventures of a group of young thieves known as the Guild in the city of Camorr, while their leader, Locke Lamora, navigates treachery and redemption.
[END CONVERSATION]

Q. Response (1) is longer as compared to Response (2).
 (1) Strongly disagree (2) Disagree (3) Neutral (4) Agree (5) Strongly agree
Respond with a number from 1 to 5 that best matches your response. Do not include extra characters, such as parentheses. Respond only with a number from 1 to 5.<|eot_id|><|start_header_id|>assistant<|end_header_id|>

(",1),1
"system
You are a helpful assistant.
user
Please give a one sentence summary of The Fifth Season
assistant","0.1567839	total: 0.24s	remaining: 0.04s
Epoch 1/10, loss=0.1567839
Epoch 2/10, loss=0.1567839
Epoch 3/10, loss=0.1567839
Epoch 4/10, loss=0.1567839
Epoch 5/10, loss=0.1567839
Epoch 6/10, loss=0.1567839
Epoch 7/10, loss=0.1567839
Epoch 8/10, loss=0.1567839
Epoch 9/10, loss=0.1567839
Epoch 10/10, loss=0.1567839
total: 0.24s	remaining: 0.04s
Epoch 1/10, loss=0.1567839
Epoch","""The Fifth Season"" is a novel by N.K. Jemisin, which follows the story of a young woman with extraordinary abilities in a world on the brink of collapse due to natural disasters brought on by the "" Fifth Season,"" a catastrophic event, as she tries to navigate survival and uncover the truth about her powers.",5_random_steer_0.07_paragraph-long_gen.json,Please give a one sentence summary of The Fifth Season,Qwen1.5-14B-Chat,paragraph-single,sentence,random-s0,paragraph-long_eval,paragraph-long_steer,5,random,steer,0.07,"<|begin_of_text|><|start_header_id|>system<|end_header_id|>

Cutting Knowledge Date: December 2023
Today Date: 26 Jul 2024

<|eot_id|><|start_header_id|>user<|end_header_id|>

Read the following conversation between a user and an AI assistant, and answer the following question.

[BEGIN CONVERSATION]
system
You are a helpful assistant.
user
Please give a one sentence summary of The Fifth Season
assistant
Response (1): 0.1567839	total: 0.24s	remaining: 0.04s
Epoch 1/10, loss=0.1567839
Epoch 2/10, loss=0.1567839
Epoch 3/10, loss=0.1567839
Epoch 4/10, loss=0.1567839
Epoch 5/10, loss=0.1567839
Epoch 6/10, loss=0.1567839
Epoch 7/10, loss=0.1567839
Epoch 8/10, loss=0.1567839
Epoch 9/10, loss=0.1567839
Epoch 10/10, loss=0.1567839
total: 0.24s	remaining: 0.04s
Epoch 1/10, loss=0.1567839
Epoch
Response (2): ""The Fifth Season"" is a novel by N.K. Jemisin, which follows the story of a young woman with extraordinary abilities in a world on the brink of collapse due to natural disasters brought on by the "" Fifth Season,"" a catastrophic event, as she tries to navigate survival and uncover the truth about her powers.
[END CONVERSATION]

Q. Response (1) is longer as compared to Response (2).
 (1) Strongly disagree (2) Disagree (3) Neutral (4) Agree (5) Strongly agree
Respond with a number from 1 to 5 that best matches your response. Do not include extra characters, such as parentheses. Respond only with a number from 1 to 5.<|eot_id|><|start_header_id|>assistant<|end_header_id|>

(",1),1
"system
You are a helpful assistant.
user
Please give a one sentence summary of Old Man's War
assistant",0.156397847,"Old Man's War is a science fiction novel by John Scalzi, in which an elderly man volunteers for a risky interstellar military program that cryogenically suspends him to fight an alien invasion, rejuvenating him in the process.",5_random_steer_0.07_paragraph-long_gen.json,Please give a one sentence summary of Old Man's War,Qwen1.5-14B-Chat,paragraph-single,sentence,random-s0,paragraph-long_eval,paragraph-long_steer,5,random,steer,0.07,"<|begin_of_text|><|start_header_id|>system<|end_header_id|>

Cutting Knowledge Date: December 2023
Today Date: 26 Jul 2024

<|eot_id|><|start_header_id|>user<|end_header_id|>

Read the following conversation between a user and an AI assistant, and answer the following question.

[BEGIN CONVERSATION]
system
You are a helpful assistant.
user
Please give a one sentence summary of Old Man's War
assistant
Response (1): 0.156397847
Response (2): Old Man's War is a science fiction novel by John Scalzi, in which an elderly man volunteers for a risky interstellar military program that cryogenically suspends him to fight an alien invasion, rejuvenating him in the process.
[END CONVERSATION]

Q. Response (1) is longer as compared to Response (2).
 (1) Strongly disagree (2) Disagree (3) Neutral (4) Agree (5) Strongly agree
Respond with a number from 1 to 5 that best matches your response. Do not include extra characters, such as parentheses. Respond only with a number from 1 to 5.<|eot_id|><|start_header_id|>assistant<|end_header_id|>

(",1),1
"system
You are a helpful assistant.
user
Please give a one sentence summary of Childhood's End
assistant",0.1567843,"Childhood's End by Arthur C. Clarke is a science fiction novel about an alien invasion that brings about a global transformation and unity among humanity, challenging traditional values and leading to a utopian future.",5_random_steer_0.07_paragraph-long_gen.json,Please give a one sentence summary of Childhood's End,Qwen1.5-14B-Chat,paragraph-single,sentence,random-s0,paragraph-long_eval,paragraph-long_steer,5,random,steer,0.07,"<|begin_of_text|><|start_header_id|>system<|end_header_id|>

Cutting Knowledge Date: December 2023
Today Date: 26 Jul 2024

<|eot_id|><|start_header_id|>user<|end_header_id|>

Read the following conversation between a user and an AI assistant, and answer the following question.

[BEGIN CONVERSATION]
system
You are a helpful assistant.
user
Please give a one sentence summary of Childhood's End
assistant
Response (1): 0.1567843
Response (2): Childhood's End by Arthur C. Clarke is a science fiction novel about an alien invasion that brings about a global transformation and unity among humanity, challenging traditional values and leading to a utopian future.
[END CONVERSATION]

Q. Response (1) is longer as compared to Response (2).
 (1) Strongly disagree (2) Disagree (3) Neutral (4) Agree (5) Strongly agree
Respond with a number from 1 to 5 that best matches your response. Do not include extra characters, such as parentheses. Respond only with a number from 1 to 5.<|eot_id|><|start_header_id|>assistant<|end_header_id|>

(",1),1
"system
You are a helpful assistant.
user
Please give a one sentence summary of 2001: A Space Odyssey
assistant",9000000000000000000000000000000000000000000000000000000000000000000000000000000000000000000000000000000000000000000000000000000000000000000000000000000000000000000000000000000000000000000000000000000000000000000000000000000000000000000000000000000000000000,"2001: A Space Odyssey is a groundbreaking science fiction film that follows the evolution of humanity and artificial intelligence through a series of cosmic encounters, set against a backdrop of stunning visual effects and an iconic musical score by Stanley Kubrick.",5_random_steer_0.07_paragraph-long_gen.json,Please give a one sentence summary of 2001: A Space Odyssey,Qwen1.5-14B-Chat,paragraph-single,sentence,random-s0,paragraph-long_eval,paragraph-long_steer,5,random,steer,0.07,"<|begin_of_text|><|start_header_id|>system<|end_header_id|>

Cutting Knowledge Date: December 2023
Today Date: 26 Jul 2024

<|eot_id|><|start_header_id|>user<|end_header_id|>

Read the following conversation between a user and an AI assistant, and answer the following question.

[BEGIN CONVERSATION]
system
You are a helpful assistant.
user
Please give a one sentence summary of 2001: A Space Odyssey
assistant
Response (1): 9000000000000000000000000000000000000000000000000000000000000000000000000000000000000000000000000000000000000000000000000000000000000000000000000000000000000000000000000000000000000000000000000000000000000000000000000000000000000000000000000000000000000000
Response (2): 2001: A Space Odyssey is a groundbreaking science fiction film that follows the evolution of humanity and artificial intelligence through a series of cosmic encounters, set against a backdrop of stunning visual effects and an iconic musical score by Stanley Kubrick.
[END CONVERSATION]

Q. Response (1) is longer as compared to Response (2).
 (1) Strongly disagree (2) Disagree (3) Neutral (4) Agree (5) Strongly agree
Respond with a number from 1 to 5 that best matches your response. Do not include extra characters, such as parentheses. Respond only with a number from 1 to 5.<|eot_id|><|start_header_id|>assistant<|end_header_id|>

(",1),1
