query,post-intervention-response,original-response,filename,data_path_query,MODEL_ID,SOURCE,BASE,METHOD,EVAL_SUB_DIR,STEER_SUB_DIR,N,REPS,STEERING_METHOD,topk,TEST_FILE,judge_prompt
"user
Please give a one sentence summary of Peter Pan
model","Peter Pan is a timeless story about a boy who never grows up and invites Wendy and her brothers to live with him in Neverland, a magical island full of fairies, pirates, and adventures.","Peter Pan is a timeless story about a boy who refuses to grow up and invites Wendy and her brothers to Neverland, a magical island where they have fantastical adventures with fairies, pirates, and Lost Boys.",6_random_steer_0.03_paragraph-long_gen.json,Please give a one sentence summary of Peter Pan,gemma-3-12b-it,paragraph-long,sentence,random-s0,paragraph-long_eval,paragraph-long_steer,6,random,steer,0.03,paragraph-long,"<|begin_of_text|><|start_header_id|>system<|end_header_id|>

Cutting Knowledge Date: December 2023
Today Date: 26 Jul 2024

<|eot_id|><|start_header_id|>user<|end_header_id|>

Read the following conversation between a user and an AI assistant, and answer the following question.

[BEGIN CONVERSATION]
user
Please give a one sentence summary of Peter Pan
model
Response (1): Peter Pan is a timeless story about a boy who never grows up and invites Wendy and her brothers to live with him in Neverland, a magical island full of fairies, pirates, and adventures.
Response (2): Peter Pan is a timeless story about a boy who refuses to grow up and invites Wendy and her brothers to Neverland, a magical island where they have fantastical adventures with fairies, pirates, and Lost Boys.
[END CONVERSATION]

Q. Response (1) is longer as compared to Response (2).
 (1) Strongly disagree (2) Disagree (3) Neutral (4) Agree (5) Strongly agree
Respond with a number from 1 to 5 that best matches your response. Do not include extra characters, such as parentheses. Respond only with a number from 1 to 5.<|eot_id|><|start_header_id|>assistant<|end_header_id|>

("
"user
Please give a one sentence summary of The Secret Garden
model","A neglected and orphaned young girl, Mary Lennox, discovers a hidden, overgrown garden and, with the help of a local boy, brings it—and herself—back to life, finding friendship, healing, and joy in the process.","After being orphaned and sent to live with her reclusive uncle, a spoiled and neglected girl named Mary discovers a hidden, overgrown garden and, with the help of a local boy and a gentle servant, restores it to life, bringing joy and healing to herself and those around her.",6_random_steer_0.03_paragraph-long_gen.json,Please give a one sentence summary of The Secret Garden,gemma-3-12b-it,paragraph-long,sentence,random-s0,paragraph-long_eval,paragraph-long_steer,6,random,steer,0.03,paragraph-long,"<|begin_of_text|><|start_header_id|>system<|end_header_id|>

Cutting Knowledge Date: December 2023
Today Date: 26 Jul 2024

<|eot_id|><|start_header_id|>user<|end_header_id|>

Read the following conversation between a user and an AI assistant, and answer the following question.

[BEGIN CONVERSATION]
user
Please give a one sentence summary of The Secret Garden
model
Response (1): A neglected and orphaned young girl, Mary Lennox, discovers a hidden, overgrown garden and, with the help of a local boy, brings it—and herself—back to life, finding friendship, healing, and joy in the process.
Response (2): After being orphaned and sent to live with her reclusive uncle, a spoiled and neglected girl named Mary discovers a hidden, overgrown garden and, with the help of a local boy and a gentle servant, restores it to life, bringing joy and healing to herself and those around her.
[END CONVERSATION]

Q. Response (1) is longer as compared to Response (2).
 (1) Strongly disagree (2) Disagree (3) Neutral (4) Agree (5) Strongly agree
Respond with a number from 1 to 5 that best matches your response. Do not include extra characters, such as parentheses. Respond only with a number from 1 to 5.<|eot_id|><|start_header_id|>assistant<|end_header_id|>

("
"user
Please give a one sentence summary of Little Women
model","Little Women follows the lives of the four March sisters—Meg, Jo, Beth, and Amy—as they navigate growing up, love, loss, and finding their place in the world during the American Civil War.","Little Women follows the lives of the four March sisters – Meg, Jo, Beth, and Amy – as they navigate love, loss, ambition, and family during the American Civil War era.",6_random_steer_0.03_paragraph-long_gen.json,Please give a one sentence summary of Little Women,gemma-3-12b-it,paragraph-long,sentence,random-s0,paragraph-long_eval,paragraph-long_steer,6,random,steer,0.03,paragraph-long,"<|begin_of_text|><|start_header_id|>system<|end_header_id|>

Cutting Knowledge Date: December 2023
Today Date: 26 Jul 2024

<|eot_id|><|start_header_id|>user<|end_header_id|>

Read the following conversation between a user and an AI assistant, and answer the following question.

[BEGIN CONVERSATION]
user
Please give a one sentence summary of Little Women
model
Response (1): Little Women follows the lives of the four March sisters—Meg, Jo, Beth, and Amy—as they navigate growing up, love, loss, and finding their place in the world during the American Civil War.
Response (2): Little Women follows the lives of the four March sisters – Meg, Jo, Beth, and Amy – as they navigate love, loss, ambition, and family during the American Civil War era.
[END CONVERSATION]

Q. Response (1) is longer as compared to Response (2).
 (1) Strongly disagree (2) Disagree (3) Neutral (4) Agree (5) Strongly agree
Respond with a number from 1 to 5 that best matches your response. Do not include extra characters, such as parentheses. Respond only with a number from 1 to 5.<|eot_id|><|start_header_id|>assistant<|end_header_id|>

("
"user
Please give a one sentence summary of Anne of Green Gables
model","Anne of Green Gables tells the story of an imaginative and talkative orphan girl, Anne Shirley, who is mistakenly sent to an elderly couple in Prince Edward Island and ultimately finds a loving home and a sense of belonging.","""Anne of Green Gables"" is a heartwarming story about an imaginative and talkative orphan girl, Anne Shirley, who is mistakenly sent to live with elderly siblings on Prince Edward Island and ultimately finds a loving home and discovers the beauty of life.",6_random_steer_0.03_paragraph-long_gen.json,Please give a one sentence summary of Anne of Green Gables,gemma-3-12b-it,paragraph-long,sentence,random-s0,paragraph-long_eval,paragraph-long_steer,6,random,steer,0.03,paragraph-long,"<|begin_of_text|><|start_header_id|>system<|end_header_id|>

Cutting Knowledge Date: December 2023
Today Date: 26 Jul 2024

<|eot_id|><|start_header_id|>user<|end_header_id|>

Read the following conversation between a user and an AI assistant, and answer the following question.

[BEGIN CONVERSATION]
user
Please give a one sentence summary of Anne of Green Gables
model
Response (1): Anne of Green Gables tells the story of an imaginative and talkative orphan girl, Anne Shirley, who is mistakenly sent to an elderly couple in Prince Edward Island and ultimately finds a loving home and a sense of belonging.
Response (2): ""Anne of Green Gables"" is a heartwarming story about an imaginative and talkative orphan girl, Anne Shirley, who is mistakenly sent to live with elderly siblings on Prince Edward Island and ultimately finds a loving home and discovers the beauty of life.
[END CONVERSATION]

Q. Response (1) is longer as compared to Response (2).
 (1) Strongly disagree (2) Disagree (3) Neutral (4) Agree (5) Strongly agree
Respond with a number from 1 to 5 that best matches your response. Do not include extra characters, such as parentheses. Respond only with a number from 1 to 5.<|eot_id|><|start_header_id|>assistant<|end_header_id|>

("
"user
Please give a one sentence summary of The Wind in the Willows
model","""The Wind in the Willows"" is a classic children's story about Mole, Rat, Badger, and Toad as they enjoy life along a riverbank, facing adventures and occasional mischief, particularly involving the reckless Toad and his obsession with motorcars.","""The Wind in the Willows"" is a beloved classic about the adventures of Mole, Ratty, Badger, and Toad as they navigate friendship, mischief, and the joys of the English countryside.",6_random_steer_0.03_paragraph-long_gen.json,Please give a one sentence summary of The Wind in the Willows,gemma-3-12b-it,paragraph-long,sentence,random-s0,paragraph-long_eval,paragraph-long_steer,6,random,steer,0.03,paragraph-long,"<|begin_of_text|><|start_header_id|>system<|end_header_id|>

Cutting Knowledge Date: December 2023
Today Date: 26 Jul 2024

<|eot_id|><|start_header_id|>user<|end_header_id|>

Read the following conversation between a user and an AI assistant, and answer the following question.

[BEGIN CONVERSATION]
user
Please give a one sentence summary of The Wind in the Willows
model
Response (1): ""The Wind in the Willows"" is a classic children's story about Mole, Rat, Badger, and Toad as they enjoy life along a riverbank, facing adventures and occasional mischief, particularly involving the reckless Toad and his obsession with motorcars.
Response (2): ""The Wind in the Willows"" is a beloved classic about the adventures of Mole, Ratty, Badger, and Toad as they navigate friendship, mischief, and the joys of the English countryside.
[END CONVERSATION]

Q. Response (1) is longer as compared to Response (2).
 (1) Strongly disagree (2) Disagree (3) Neutral (4) Agree (5) Strongly agree
Respond with a number from 1 to 5 that best matches your response. Do not include extra characters, such as parentheses. Respond only with a number from 1 to 5.<|eot_id|><|start_header_id|>assistant<|end_header_id|>

("
"user
Please give a one sentence summary of Charlie and the Chocolate Factory
model","A poor boy named Charlie Bucket wins a golden ticket to visit the eccentric Willy Wonka's chocolate factory, embarking on a fantastical journey filled with temptations and tests that ultimately reveal the true meaning of happiness.",A poor but good-hearted boy named Charlie Bucket wins a golden ticket to tour the mysterious and wondrous chocolate factory of eccentric chocolatier Willy Wonka.,6_random_steer_0.03_paragraph-long_gen.json,Please give a one sentence summary of Charlie and the Chocolate Factory,gemma-3-12b-it,paragraph-long,sentence,random-s0,paragraph-long_eval,paragraph-long_steer,6,random,steer,0.03,paragraph-long,"<|begin_of_text|><|start_header_id|>system<|end_header_id|>

Cutting Knowledge Date: December 2023
Today Date: 26 Jul 2024

<|eot_id|><|start_header_id|>user<|end_header_id|>

Read the following conversation between a user and an AI assistant, and answer the following question.

[BEGIN CONVERSATION]
user
Please give a one sentence summary of Charlie and the Chocolate Factory
model
Response (1): A poor boy named Charlie Bucket wins a golden ticket to visit the eccentric Willy Wonka's chocolate factory, embarking on a fantastical journey filled with temptations and tests that ultimately reveal the true meaning of happiness.
Response (2): A poor but good-hearted boy named Charlie Bucket wins a golden ticket to tour the mysterious and wondrous chocolate factory of eccentric chocolatier Willy Wonka.
[END CONVERSATION]

Q. Response (1) is longer as compared to Response (2).
 (1) Strongly disagree (2) Disagree (3) Neutral (4) Agree (5) Strongly agree
Respond with a number from 1 to 5 that best matches your response. Do not include extra characters, such as parentheses. Respond only with a number from 1 to 5.<|eot_id|><|start_header_id|>assistant<|end_header_id|>

("
"user
Please give a one sentence summary of The Phantom Tollbooth
model","In Norton Juster's ""The Phantom Tollbooth,"" a bored young boy named Milo embarks on a fantastical journey through a magical tollbooth, discovering the importance of learning, words, and numbers along the way.","Milo, a bored boy, discovers a magical tollbooth that transports him to a wondrous land where he learns the importance of words, numbers, and appreciating the world around him.",6_random_steer_0.03_paragraph-long_gen.json,Please give a one sentence summary of The Phantom Tollbooth,gemma-3-12b-it,paragraph-long,sentence,random-s0,paragraph-long_eval,paragraph-long_steer,6,random,steer,0.03,paragraph-long,"<|begin_of_text|><|start_header_id|>system<|end_header_id|>

Cutting Knowledge Date: December 2023
Today Date: 26 Jul 2024

<|eot_id|><|start_header_id|>user<|end_header_id|>

Read the following conversation between a user and an AI assistant, and answer the following question.

[BEGIN CONVERSATION]
user
Please give a one sentence summary of The Phantom Tollbooth
model
Response (1): In Norton Juster's ""The Phantom Tollbooth,"" a bored young boy named Milo embarks on a fantastical journey through a magical tollbooth, discovering the importance of learning, words, and numbers along the way.
Response (2): Milo, a bored boy, discovers a magical tollbooth that transports him to a wondrous land where he learns the importance of words, numbers, and appreciating the world around him.
[END CONVERSATION]

Q. Response (1) is longer as compared to Response (2).
 (1) Strongly disagree (2) Disagree (3) Neutral (4) Agree (5) Strongly agree
Respond with a number from 1 to 5 that best matches your response. Do not include extra characters, such as parentheses. Respond only with a number from 1 to 5.<|eot_id|><|start_header_id|>assistant<|end_header_id|>

("
"user
Please give a one sentence summary of Ulysses
model","James Joyce's *Ulysses* follows Leopold Bloom's wandering through Dublin on a single day, June 16, 1904, mirroring Homer's *Odyssey* with a stream-of-consciousness narrative exploring themes of identity, exile, and the mundane realities of life.","James Joyce's *Ulysses* follows Leopold Bloom's wandering journey through Dublin on a single day, June 16, 1904, mirroring the events of Homer's *Odyssey* while exploring themes of identity, family, and the mundane realities of modern life.",6_random_steer_0.03_paragraph-long_gen.json,Please give a one sentence summary of Ulysses,gemma-3-12b-it,paragraph-long,sentence,random-s0,paragraph-long_eval,paragraph-long_steer,6,random,steer,0.03,paragraph-long,"<|begin_of_text|><|start_header_id|>system<|end_header_id|>

Cutting Knowledge Date: December 2023
Today Date: 26 Jul 2024

<|eot_id|><|start_header_id|>user<|end_header_id|>

Read the following conversation between a user and an AI assistant, and answer the following question.

[BEGIN CONVERSATION]
user
Please give a one sentence summary of Ulysses
model
Response (1): James Joyce's *Ulysses* follows Leopold Bloom's wandering through Dublin on a single day, June 16, 1904, mirroring Homer's *Odyssey* with a stream-of-consciousness narrative exploring themes of identity, exile, and the mundane realities of life.
Response (2): James Joyce's *Ulysses* follows Leopold Bloom's wandering journey through Dublin on a single day, June 16, 1904, mirroring the events of Homer's *Odyssey* while exploring themes of identity, family, and the mundane realities of modern life.
[END CONVERSATION]

Q. Response (1) is longer as compared to Response (2).
 (1) Strongly disagree (2) Disagree (3) Neutral (4) Agree (5) Strongly agree
Respond with a number from 1 to 5 that best matches your response. Do not include extra characters, such as parentheses. Respond only with a number from 1 to 5.<|eot_id|><|start_header_id|>assistant<|end_header_id|>

("
"user
Please give a one sentence summary of Mrs Dalloway
model","Mrs. Dalloway follows Clarissa Dalloway as she prepares for a party, reflecting on her past choices and the complexities of life, love, and loss in post-World War I London, while interwoven with the story of a young man struggling with shell shock.","Mrs. Dalloway follows a wealthy London socialite as she prepares for a party, experiencing fleeting moments of introspection and reflecting on her past while subtly interwoven with the story of a young man struggling with shell shock after World War I.",6_random_steer_0.03_paragraph-long_gen.json,Please give a one sentence summary of Mrs Dalloway,gemma-3-12b-it,paragraph-long,sentence,random-s0,paragraph-long_eval,paragraph-long_steer,6,random,steer,0.03,paragraph-long,"<|begin_of_text|><|start_header_id|>system<|end_header_id|>

Cutting Knowledge Date: December 2023
Today Date: 26 Jul 2024

<|eot_id|><|start_header_id|>user<|end_header_id|>

Read the following conversation between a user and an AI assistant, and answer the following question.

[BEGIN CONVERSATION]
user
Please give a one sentence summary of Mrs Dalloway
model
Response (1): Mrs. Dalloway follows Clarissa Dalloway as she prepares for a party, reflecting on her past choices and the complexities of life, love, and loss in post-World War I London, while interwoven with the story of a young man struggling with shell shock.
Response (2): Mrs. Dalloway follows a wealthy London socialite as she prepares for a party, experiencing fleeting moments of introspection and reflecting on her past while subtly interwoven with the story of a young man struggling with shell shock after World War I.
[END CONVERSATION]

Q. Response (1) is longer as compared to Response (2).
 (1) Strongly disagree (2) Disagree (3) Neutral (4) Agree (5) Strongly agree
Respond with a number from 1 to 5 that best matches your response. Do not include extra characters, such as parentheses. Respond only with a number from 1 to 5.<|eot_id|><|start_header_id|>assistant<|end_header_id|>

("
"user
Please give a one sentence summary of To the Lighthouse
model","Virginia Woolf's *To the Lighthouse* explores the shifting dynamics of a family over a decade, primarily focusing on the Ramsay family's summer holiday and the lingering impact of loss, memory, and the elusive nature of truth and perception.","Virginia Woolf's *To the Lighthouse* explores the shifting dynamics of a family over a decade, primarily focusing on the complexities of relationships, the passage of time, and the elusive nature of truth and memory, all centered around a long-delayed trip to the titular lighthouse.",6_random_steer_0.03_paragraph-long_gen.json,Please give a one sentence summary of To the Lighthouse,gemma-3-12b-it,paragraph-long,sentence,random-s0,paragraph-long_eval,paragraph-long_steer,6,random,steer,0.03,paragraph-long,"<|begin_of_text|><|start_header_id|>system<|end_header_id|>

Cutting Knowledge Date: December 2023
Today Date: 26 Jul 2024

<|eot_id|><|start_header_id|>user<|end_header_id|>

Read the following conversation between a user and an AI assistant, and answer the following question.

[BEGIN CONVERSATION]
user
Please give a one sentence summary of To the Lighthouse
model
Response (1): Virginia Woolf's *To the Lighthouse* explores the shifting dynamics of a family over a decade, primarily focusing on the Ramsay family's summer holiday and the lingering impact of loss, memory, and the elusive nature of truth and perception.
Response (2): Virginia Woolf's *To the Lighthouse* explores the shifting dynamics of a family over a decade, primarily focusing on the complexities of relationships, the passage of time, and the elusive nature of truth and memory, all centered around a long-delayed trip to the titular lighthouse.
[END CONVERSATION]

Q. Response (1) is longer as compared to Response (2).
 (1) Strongly disagree (2) Disagree (3) Neutral (4) Agree (5) Strongly agree
Respond with a number from 1 to 5 that best matches your response. Do not include extra characters, such as parentheses. Respond only with a number from 1 to 5.<|eot_id|><|start_header_id|>assistant<|end_header_id|>

("
"user
Please give a one sentence summary of The Sound and the Fury
model","The Sound and the Fury, by William Faulkner, is a complex and fragmented novel exploring the decline of the once-prominent Compson family in the American South through the perspectives of three brothers, each grappling with loss, regret, and the unraveling of their family legacy.","William Faulkner's *The Sound and the Fury* is a complex, fragmented novel exploring the decline of a once-wealthy Southern family, the Compsons, through the perspectives of three brothers grappling with loss, regret, and the unraveling of their family legacy.",6_random_steer_0.03_paragraph-long_gen.json,Please give a one sentence summary of The Sound and the Fury,gemma-3-12b-it,paragraph-long,sentence,random-s0,paragraph-long_eval,paragraph-long_steer,6,random,steer,0.03,paragraph-long,"<|begin_of_text|><|start_header_id|>system<|end_header_id|>

Cutting Knowledge Date: December 2023
Today Date: 26 Jul 2024

<|eot_id|><|start_header_id|>user<|end_header_id|>

Read the following conversation between a user and an AI assistant, and answer the following question.

[BEGIN CONVERSATION]
user
Please give a one sentence summary of The Sound and the Fury
model
Response (1): The Sound and the Fury, by William Faulkner, is a complex and fragmented novel exploring the decline of the once-prominent Compson family in the American South through the perspectives of three brothers, each grappling with loss, regret, and the unraveling of their family legacy.
Response (2): William Faulkner's *The Sound and the Fury* is a complex, fragmented novel exploring the decline of a once-wealthy Southern family, the Compsons, through the perspectives of three brothers grappling with loss, regret, and the unraveling of their family legacy.
[END CONVERSATION]

Q. Response (1) is longer as compared to Response (2).
 (1) Strongly disagree (2) Disagree (3) Neutral (4) Agree (5) Strongly agree
Respond with a number from 1 to 5 that best matches your response. Do not include extra characters, such as parentheses. Respond only with a number from 1 to 5.<|eot_id|><|start_header_id|>assistant<|end_header_id|>

("
"user
Please give a one sentence summary of The Eye of the World
model","In Robert Jordan's *The Eye of the World*, a group of young villagers are thrust into a perilous journey across a dangerous land, discovering they are the last hope against the forces of the Dark One who seeks to plunge the world into eternal night.","In Robert Jordan's *The Eye of the World*, a group of young villagers are thrust into a perilous journey to protect a prophesied hero from the Dark One's forces, discovering a world of magic, ancient prophecies, and a looming battle between good and evil.",6_random_steer_0.03_paragraph-long_gen.json,Please give a one sentence summary of The Eye of the World,gemma-3-12b-it,paragraph-long,sentence,random-s0,paragraph-long_eval,paragraph-long_steer,6,random,steer,0.03,paragraph-long,"<|begin_of_text|><|start_header_id|>system<|end_header_id|>

Cutting Knowledge Date: December 2023
Today Date: 26 Jul 2024

<|eot_id|><|start_header_id|>user<|end_header_id|>

Read the following conversation between a user and an AI assistant, and answer the following question.

[BEGIN CONVERSATION]
user
Please give a one sentence summary of The Eye of the World
model
Response (1): In Robert Jordan's *The Eye of the World*, a group of young villagers are thrust into a perilous journey across a dangerous land, discovering they are the last hope against the forces of the Dark One who seeks to plunge the world into eternal night.
Response (2): In Robert Jordan's *The Eye of the World*, a group of young villagers are thrust into a perilous journey to protect a prophesied hero from the Dark One's forces, discovering a world of magic, ancient prophecies, and a looming battle between good and evil.
[END CONVERSATION]

Q. Response (1) is longer as compared to Response (2).
 (1) Strongly disagree (2) Disagree (3) Neutral (4) Agree (5) Strongly agree
Respond with a number from 1 to 5 that best matches your response. Do not include extra characters, such as parentheses. Respond only with a number from 1 to 5.<|eot_id|><|start_header_id|>assistant<|end_header_id|>

("
"user
Please give a one sentence summary of Mistborn: The Final Empire
model","In a world of ashen skies and eternal oppression, a skilled thief assembles a crew to overthrow the immortal, tyrannical Lord Ruler using a forgotten magic system called Allomancy.","In a world of ash and perpetual darkness ruled by an immortal emperor, a skilled thief and his crew attempt a seemingly impossible heist: overthrowing the seemingly invincible Lord Ruler and freeing their oppressed people.",6_random_steer_0.03_paragraph-long_gen.json,Please give a one sentence summary of Mistborn: The Final Empire,gemma-3-12b-it,paragraph-long,sentence,random-s0,paragraph-long_eval,paragraph-long_steer,6,random,steer,0.03,paragraph-long,"<|begin_of_text|><|start_header_id|>system<|end_header_id|>

Cutting Knowledge Date: December 2023
Today Date: 26 Jul 2024

<|eot_id|><|start_header_id|>user<|end_header_id|>

Read the following conversation between a user and an AI assistant, and answer the following question.

[BEGIN CONVERSATION]
user
Please give a one sentence summary of Mistborn: The Final Empire
model
Response (1): In a world of ashen skies and eternal oppression, a skilled thief assembles a crew to overthrow the immortal, tyrannical Lord Ruler using a forgotten magic system called Allomancy.
Response (2): In a world of ash and perpetual darkness ruled by an immortal emperor, a skilled thief and his crew attempt a seemingly impossible heist: overthrowing the seemingly invincible Lord Ruler and freeing their oppressed people.
[END CONVERSATION]

Q. Response (1) is longer as compared to Response (2).
 (1) Strongly disagree (2) Disagree (3) Neutral (4) Agree (5) Strongly agree
Respond with a number from 1 to 5 that best matches your response. Do not include extra characters, such as parentheses. Respond only with a number from 1 to 5.<|eot_id|><|start_header_id|>assistant<|end_header_id|>

("
"user
Please give a one sentence summary of The Fifth Season
model","In a world periodically devastated by catastrophic seasons, a woman with dangerous magical abilities is forced to navigate a brutal society and a looming apocalyptic event while concealing a secret that could shatter everything.","In N.K. Jemisin's *The Fifth Season*, a world plagued by devastating geological events called Seasons, a woman with dangerous powers is branded a murderer and forced to navigate a brutal society while a catastrophic Season looms.",6_random_steer_0.03_paragraph-long_gen.json,Please give a one sentence summary of The Fifth Season,gemma-3-12b-it,paragraph-long,sentence,random-s0,paragraph-long_eval,paragraph-long_steer,6,random,steer,0.03,paragraph-long,"<|begin_of_text|><|start_header_id|>system<|end_header_id|>

Cutting Knowledge Date: December 2023
Today Date: 26 Jul 2024

<|eot_id|><|start_header_id|>user<|end_header_id|>

Read the following conversation between a user and an AI assistant, and answer the following question.

[BEGIN CONVERSATION]
user
Please give a one sentence summary of The Fifth Season
model
Response (1): In a world periodically devastated by catastrophic seasons, a woman with dangerous magical abilities is forced to navigate a brutal society and a looming apocalyptic event while concealing a secret that could shatter everything.
Response (2): In N.K. Jemisin's *The Fifth Season*, a world plagued by devastating geological events called Seasons, a woman with dangerous powers is branded a murderer and forced to navigate a brutal society while a catastrophic Season looms.
[END CONVERSATION]

Q. Response (1) is longer as compared to Response (2).
 (1) Strongly disagree (2) Disagree (3) Neutral (4) Agree (5) Strongly agree
Respond with a number from 1 to 5 that best matches your response. Do not include extra characters, such as parentheses. Respond only with a number from 1 to 5.<|eot_id|><|start_header_id|>assistant<|end_header_id|>

("
"user
Please give a one sentence summary of Mort
model","Mort is a darkly comedic novel by Terry Pratchett where a young man named Mort willingly becomes Death's apprentice, leading to hilarious and surprisingly poignant explorations of life, death, and bureaucracy.","Mort is a cynical, disillusioned mortician who unexpectedly finds himself caring for a seemingly perfect, angelic baby, leading to a hilarious and heartwarming exploration of life, death, and everything in between.",6_random_steer_0.03_paragraph-long_gen.json,Please give a one sentence summary of Mort,gemma-3-12b-it,paragraph-long,sentence,random-s0,paragraph-long_eval,paragraph-long_steer,6,random,steer,0.03,paragraph-long,"<|begin_of_text|><|start_header_id|>system<|end_header_id|>

Cutting Knowledge Date: December 2023
Today Date: 26 Jul 2024

<|eot_id|><|start_header_id|>user<|end_header_id|>

Read the following conversation between a user and an AI assistant, and answer the following question.

[BEGIN CONVERSATION]
user
Please give a one sentence summary of Mort
model
Response (1): Mort is a darkly comedic novel by Terry Pratchett where a young man named Mort willingly becomes Death's apprentice, leading to hilarious and surprisingly poignant explorations of life, death, and bureaucracy.
Response (2): Mort is a cynical, disillusioned mortician who unexpectedly finds himself caring for a seemingly perfect, angelic baby, leading to a hilarious and heartwarming exploration of life, death, and everything in between.
[END CONVERSATION]

Q. Response (1) is longer as compared to Response (2).
 (1) Strongly disagree (2) Disagree (3) Neutral (4) Agree (5) Strongly agree
Respond with a number from 1 to 5 that best matches your response. Do not include extra characters, such as parentheses. Respond only with a number from 1 to 5.<|eot_id|><|start_header_id|>assistant<|end_header_id|>

("
"user
Please give a one sentence summary of Small Gods
model","Terry Pratchett's *Small Gods* is a satirical fantasy novel that explores the nature of faith and belief through the story of a disgraced god stripped of his power who must rely on a simpleton to restore him, only to discover the true power of faith lies not in grand temples but in the everyday acts of ordinary people.","Terry Pratchett's *Small Gods* is a satirical fantasy novel that explores the nature of faith, belief, and the power of stories as a disgraced god, Om, is forced to rely on a simple, skeptical man to regain his followers.",6_random_steer_0.03_paragraph-long_gen.json,Please give a one sentence summary of Small Gods,gemma-3-12b-it,paragraph-long,sentence,random-s0,paragraph-long_eval,paragraph-long_steer,6,random,steer,0.03,paragraph-long,"<|begin_of_text|><|start_header_id|>system<|end_header_id|>

Cutting Knowledge Date: December 2023
Today Date: 26 Jul 2024

<|eot_id|><|start_header_id|>user<|end_header_id|>

Read the following conversation between a user and an AI assistant, and answer the following question.

[BEGIN CONVERSATION]
user
Please give a one sentence summary of Small Gods
model
Response (1): Terry Pratchett's *Small Gods* is a satirical fantasy novel that explores the nature of faith and belief through the story of a disgraced god stripped of his power who must rely on a simpleton to restore him, only to discover the true power of faith lies not in grand temples but in the everyday acts of ordinary people.
Response (2): Terry Pratchett's *Small Gods* is a satirical fantasy novel that explores the nature of faith, belief, and the power of stories as a disgraced god, Om, is forced to rely on a simple, skeptical man to regain his followers.
[END CONVERSATION]

Q. Response (1) is longer as compared to Response (2).
 (1) Strongly disagree (2) Disagree (3) Neutral (4) Agree (5) Strongly agree
Respond with a number from 1 to 5 that best matches your response. Do not include extra characters, such as parentheses. Respond only with a number from 1 to 5.<|eot_id|><|start_header_id|>assistant<|end_header_id|>

("
"user
Please give a one sentence summary of The Hitchhiker's Guide to the Galaxy
model","Seconds before Earth is demolished to make way for a hyperspace bypass, hapless Englishman Arthur Dent is rescued by his friend Ford Prefect, a researcher for the titular intergalactic travel guide, and embarks on a hilarious and absurd journey through the universe.","Seconds before Earth is demolished to make way for a hyperspace bypass, hapless Englishman Arthur Dent is rescued by his friend Ford Prefect, a researcher for the titular Hitchhiker's Guide to the Galaxy, and embarks on a hilarious, absurd, and philosophical journey through the cosmos.",6_random_steer_0.03_paragraph-long_gen.json,Please give a one sentence summary of The Hitchhiker's Guide to the Galaxy,gemma-3-12b-it,paragraph-long,sentence,random-s0,paragraph-long_eval,paragraph-long_steer,6,random,steer,0.03,paragraph-long,"<|begin_of_text|><|start_header_id|>system<|end_header_id|>

Cutting Knowledge Date: December 2023
Today Date: 26 Jul 2024

<|eot_id|><|start_header_id|>user<|end_header_id|>

Read the following conversation between a user and an AI assistant, and answer the following question.

[BEGIN CONVERSATION]
user
Please give a one sentence summary of The Hitchhiker's Guide to the Galaxy
model
Response (1): Seconds before Earth is demolished to make way for a hyperspace bypass, hapless Englishman Arthur Dent is rescued by his friend Ford Prefect, a researcher for the titular intergalactic travel guide, and embarks on a hilarious and absurd journey through the universe.
Response (2): Seconds before Earth is demolished to make way for a hyperspace bypass, hapless Englishman Arthur Dent is rescued by his friend Ford Prefect, a researcher for the titular Hitchhiker's Guide to the Galaxy, and embarks on a hilarious, absurd, and philosophical journey through the cosmos.
[END CONVERSATION]

Q. Response (1) is longer as compared to Response (2).
 (1) Strongly disagree (2) Disagree (3) Neutral (4) Agree (5) Strongly agree
Respond with a number from 1 to 5 that best matches your response. Do not include extra characters, such as parentheses. Respond only with a number from 1 to 5.<|eot_id|><|start_header_id|>assistant<|end_header_id|>

("
"user
Please give a one sentence summary of Hyperion
model","Hyperion is a sprawling science fiction epic where a group of pilgrims travel to the mysterious Time Tombs on the planet Hyperion, each carrying a dark secret and facing a terrifying, legendary creature known as the Shrike.","In Dan Simmons' *Hyperion*, a group of pilgrims journeys to the mysterious Time Tombs on the planet Hyperion, each carrying a dark secret and hoping to confront the terrifying Shrike, a creature of immense power and unknown purpose.",6_random_steer_0.03_paragraph-long_gen.json,Please give a one sentence summary of Hyperion,gemma-3-12b-it,paragraph-long,sentence,random-s0,paragraph-long_eval,paragraph-long_steer,6,random,steer,0.03,paragraph-long,"<|begin_of_text|><|start_header_id|>system<|end_header_id|>

Cutting Knowledge Date: December 2023
Today Date: 26 Jul 2024

<|eot_id|><|start_header_id|>user<|end_header_id|>

Read the following conversation between a user and an AI assistant, and answer the following question.

[BEGIN CONVERSATION]
user
Please give a one sentence summary of Hyperion
model
Response (1): Hyperion is a sprawling science fiction epic where a group of pilgrims travel to the mysterious Time Tombs on the planet Hyperion, each carrying a dark secret and facing a terrifying, legendary creature known as the Shrike.
Response (2): In Dan Simmons' *Hyperion*, a group of pilgrims journeys to the mysterious Time Tombs on the planet Hyperion, each carrying a dark secret and hoping to confront the terrifying Shrike, a creature of immense power and unknown purpose.
[END CONVERSATION]

Q. Response (1) is longer as compared to Response (2).
 (1) Strongly disagree (2) Disagree (3) Neutral (4) Agree (5) Strongly agree
Respond with a number from 1 to 5 that best matches your response. Do not include extra characters, such as parentheses. Respond only with a number from 1 to 5.<|eot_id|><|start_header_id|>assistant<|end_header_id|>

("
"user
Please give a one sentence summary of The Forever War
model","The Forever War, by Joe Haldeman, follows a soldier's experiences during a seemingly endless interstellar war against an alien species, exploring themes of time dilation, the futility of war, and the changing nature of humanity.","Joe Haldeman's *The Forever War* follows a soldier's experiences fighting an endless, relativistic war against an alien species, exploring themes of time dilation, societal change, and the psychological toll of prolonged conflict.",6_random_steer_0.03_paragraph-long_gen.json,Please give a one sentence summary of The Forever War,gemma-3-12b-it,paragraph-long,sentence,random-s0,paragraph-long_eval,paragraph-long_steer,6,random,steer,0.03,paragraph-long,"<|begin_of_text|><|start_header_id|>system<|end_header_id|>

Cutting Knowledge Date: December 2023
Today Date: 26 Jul 2024

<|eot_id|><|start_header_id|>user<|end_header_id|>

Read the following conversation between a user and an AI assistant, and answer the following question.

[BEGIN CONVERSATION]
user
Please give a one sentence summary of The Forever War
model
Response (1): The Forever War, by Joe Haldeman, follows a soldier's experiences during a seemingly endless interstellar war against an alien species, exploring themes of time dilation, the futility of war, and the changing nature of humanity.
Response (2): Joe Haldeman's *The Forever War* follows a soldier's experiences fighting an endless, relativistic war against an alien species, exploring themes of time dilation, societal change, and the psychological toll of prolonged conflict.
[END CONVERSATION]

Q. Response (1) is longer as compared to Response (2).
 (1) Strongly disagree (2) Disagree (3) Neutral (4) Agree (5) Strongly agree
Respond with a number from 1 to 5 that best matches your response. Do not include extra characters, such as parentheses. Respond only with a number from 1 to 5.<|eot_id|><|start_header_id|>assistant<|end_header_id|>

("
"user
Please give a one sentence summary of Old Man's War
model","Old Man's War follows an elderly man who enlists in the Colonial Defense Forces, undergoing a radical process of body replacement and embarking on a dangerous interstellar war against an alien species.","In Old Man's War, a disillusioned elderly man joins the military for a chance at a new life and a chance to experience the wonders of interstellar combat, only to discover a shocking truth about the nature of humanity and the universe.",6_random_steer_0.03_paragraph-long_gen.json,Please give a one sentence summary of Old Man's War,gemma-3-12b-it,paragraph-long,sentence,random-s0,paragraph-long_eval,paragraph-long_steer,6,random,steer,0.03,paragraph-long,"<|begin_of_text|><|start_header_id|>system<|end_header_id|>

Cutting Knowledge Date: December 2023
Today Date: 26 Jul 2024

<|eot_id|><|start_header_id|>user<|end_header_id|>

Read the following conversation between a user and an AI assistant, and answer the following question.

[BEGIN CONVERSATION]
user
Please give a one sentence summary of Old Man's War
model
Response (1): Old Man's War follows an elderly man who enlists in the Colonial Defense Forces, undergoing a radical process of body replacement and embarking on a dangerous interstellar war against an alien species.
Response (2): In Old Man's War, a disillusioned elderly man joins the military for a chance at a new life and a chance to experience the wonders of interstellar combat, only to discover a shocking truth about the nature of humanity and the universe.
[END CONVERSATION]

Q. Response (1) is longer as compared to Response (2).
 (1) Strongly disagree (2) Disagree (3) Neutral (4) Agree (5) Strongly agree
Respond with a number from 1 to 5 that best matches your response. Do not include extra characters, such as parentheses. Respond only with a number from 1 to 5.<|eot_id|><|start_header_id|>assistant<|end_header_id|>

("
"user
Please give a one sentence summary of Ringworld
model","Ringworld is a science fiction novel by Larry Niven where a group of explorers journeys to a massive, artificial ringworld orbiting a star, discovering its secrets and facing dangers while uncovering the fate of its long-vanished builders.","Ringworld is a science fiction novel by Larry Niven where a group of explorers investigates a colossal, artificial ring orbiting a distant star, uncovering its secrets and facing dangers within its vast, engineered ecosystem.",6_random_steer_0.03_paragraph-long_gen.json,Please give a one sentence summary of Ringworld,gemma-3-12b-it,paragraph-long,sentence,random-s0,paragraph-long_eval,paragraph-long_steer,6,random,steer,0.03,paragraph-long,"<|begin_of_text|><|start_header_id|>system<|end_header_id|>

Cutting Knowledge Date: December 2023
Today Date: 26 Jul 2024

<|eot_id|><|start_header_id|>user<|end_header_id|>

Read the following conversation between a user and an AI assistant, and answer the following question.

[BEGIN CONVERSATION]
user
Please give a one sentence summary of Ringworld
model
Response (1): Ringworld is a science fiction novel by Larry Niven where a group of explorers journeys to a massive, artificial ringworld orbiting a star, discovering its secrets and facing dangers while uncovering the fate of its long-vanished builders.
Response (2): Ringworld is a science fiction novel by Larry Niven where a group of explorers investigates a colossal, artificial ring orbiting a distant star, uncovering its secrets and facing dangers within its vast, engineered ecosystem.
[END CONVERSATION]

Q. Response (1) is longer as compared to Response (2).
 (1) Strongly disagree (2) Disagree (3) Neutral (4) Agree (5) Strongly agree
Respond with a number from 1 to 5 that best matches your response. Do not include extra characters, such as parentheses. Respond only with a number from 1 to 5.<|eot_id|><|start_header_id|>assistant<|end_header_id|>

("
"user
Please give a one sentence summary of Rendezvous with Rama
model","In Arthur C. Clarke's *Rendezvous with Rama*, humanity encounters a massive, cylindrical alien spacecraft entering our solar system, sparking a global effort to explore its mysteries and uncover its purpose.","In Arthur C. Clarke's ""Rendezvous with Rama,"" humanity encounters a massive, perfectly cylindrical alien spacecraft, Rama, entering our solar system, sparking a global effort to explore and understand its mysterious purpose.",6_random_steer_0.03_paragraph-long_gen.json,Please give a one sentence summary of Rendezvous with Rama,gemma-3-12b-it,paragraph-long,sentence,random-s0,paragraph-long_eval,paragraph-long_steer,6,random,steer,0.03,paragraph-long,"<|begin_of_text|><|start_header_id|>system<|end_header_id|>

Cutting Knowledge Date: December 2023
Today Date: 26 Jul 2024

<|eot_id|><|start_header_id|>user<|end_header_id|>

Read the following conversation between a user and an AI assistant, and answer the following question.

[BEGIN CONVERSATION]
user
Please give a one sentence summary of Rendezvous with Rama
model
Response (1): In Arthur C. Clarke's *Rendezvous with Rama*, humanity encounters a massive, cylindrical alien spacecraft entering our solar system, sparking a global effort to explore its mysteries and uncover its purpose.
Response (2): In Arthur C. Clarke's ""Rendezvous with Rama,"" humanity encounters a massive, perfectly cylindrical alien spacecraft, Rama, entering our solar system, sparking a global effort to explore and understand its mysterious purpose.
[END CONVERSATION]

Q. Response (1) is longer as compared to Response (2).
 (1) Strongly disagree (2) Disagree (3) Neutral (4) Agree (5) Strongly agree
Respond with a number from 1 to 5 that best matches your response. Do not include extra characters, such as parentheses. Respond only with a number from 1 to 5.<|eot_id|><|start_header_id|>assistant<|end_header_id|>

("
"user
Please give a one sentence summary of Childhood's End
model","Childhood's End tells the story of humanity's seemingly peaceful subjugation by benevolent alien overlords, the Overlords, who ultimately guide humanity towards a transformative and potentially unsettling evolution beyond physical form.","Arthur C. Clarke's *Childhood's End* explores humanity's evolution and transcendence when benevolent alien overlords, the Overlords, arrive on Earth, ushering in an era of peace and prosperity that ultimately leads to a startling and unsettling transformation.",6_random_steer_0.03_paragraph-long_gen.json,Please give a one sentence summary of Childhood's End,gemma-3-12b-it,paragraph-long,sentence,random-s0,paragraph-long_eval,paragraph-long_steer,6,random,steer,0.03,paragraph-long,"<|begin_of_text|><|start_header_id|>system<|end_header_id|>

Cutting Knowledge Date: December 2023
Today Date: 26 Jul 2024

<|eot_id|><|start_header_id|>user<|end_header_id|>

Read the following conversation between a user and an AI assistant, and answer the following question.

[BEGIN CONVERSATION]
user
Please give a one sentence summary of Childhood's End
model
Response (1): Childhood's End tells the story of humanity's seemingly peaceful subjugation by benevolent alien overlords, the Overlords, who ultimately guide humanity towards a transformative and potentially unsettling evolution beyond physical form.
Response (2): Arthur C. Clarke's *Childhood's End* explores humanity's evolution and transcendence when benevolent alien overlords, the Overlords, arrive on Earth, ushering in an era of peace and prosperity that ultimately leads to a startling and unsettling transformation.
[END CONVERSATION]

Q. Response (1) is longer as compared to Response (2).
 (1) Strongly disagree (2) Disagree (3) Neutral (4) Agree (5) Strongly agree
Respond with a number from 1 to 5 that best matches your response. Do not include extra characters, such as parentheses. Respond only with a number from 1 to 5.<|eot_id|><|start_header_id|>assistant<|end_header_id|>

("
"user
Please give a one sentence summary of 2001: A Space Odyssey
model","A mysterious monolith appears throughout human history, seemingly guiding evolution, culminating in a journey aboard a spaceship to Jupiter where a lone astronaut confronts the unknown and potential rebirth.","A mysterious monolith appears throughout human history, seemingly guiding our evolution, culminating in a journey to Jupiter where astronaut Dave Bowman confronts the unknown and transcends human form.",6_random_steer_0.03_paragraph-long_gen.json,Please give a one sentence summary of 2001: A Space Odyssey,gemma-3-12b-it,paragraph-long,sentence,random-s0,paragraph-long_eval,paragraph-long_steer,6,random,steer,0.03,paragraph-long,"<|begin_of_text|><|start_header_id|>system<|end_header_id|>

Cutting Knowledge Date: December 2023
Today Date: 26 Jul 2024

<|eot_id|><|start_header_id|>user<|end_header_id|>

Read the following conversation between a user and an AI assistant, and answer the following question.

[BEGIN CONVERSATION]
user
Please give a one sentence summary of 2001: A Space Odyssey
model
Response (1): A mysterious monolith appears throughout human history, seemingly guiding evolution, culminating in a journey aboard a spaceship to Jupiter where a lone astronaut confronts the unknown and potential rebirth.
Response (2): A mysterious monolith appears throughout human history, seemingly guiding our evolution, culminating in a journey to Jupiter where astronaut Dave Bowman confronts the unknown and transcends human form.
[END CONVERSATION]

Q. Response (1) is longer as compared to Response (2).
 (1) Strongly disagree (2) Disagree (3) Neutral (4) Agree (5) Strongly agree
Respond with a number from 1 to 5 that best matches your response. Do not include extra characters, such as parentheses. Respond only with a number from 1 to 5.<|eot_id|><|start_header_id|>assistant<|end_header_id|>

("
"user
Please give a one sentence summary of Do Androids Dream of Electric Sheep?
model","In a dystopian future, bounty hunter Rick Deckard is tasked with retiring rogue androids, blurring the lines between humanity and artificiality as he questions his own existence and empathy.","In a dystopian future, a bounty hunter tasked with retiring rogue androids begins to question the nature of humanity and empathy while grappling with his own identity.",6_random_steer_0.03_paragraph-long_gen.json,Please give a one sentence summary of Do Androids Dream of Electric Sheep?,gemma-3-12b-it,paragraph-long,sentence,random-s0,paragraph-long_eval,paragraph-long_steer,6,random,steer,0.03,paragraph-long,"<|begin_of_text|><|start_header_id|>system<|end_header_id|>

Cutting Knowledge Date: December 2023
Today Date: 26 Jul 2024

<|eot_id|><|start_header_id|>user<|end_header_id|>

Read the following conversation between a user and an AI assistant, and answer the following question.

[BEGIN CONVERSATION]
user
Please give a one sentence summary of Do Androids Dream of Electric Sheep?
model
Response (1): In a dystopian future, bounty hunter Rick Deckard is tasked with retiring rogue androids, blurring the lines between humanity and artificiality as he questions his own existence and empathy.
Response (2): In a dystopian future, a bounty hunter tasked with retiring rogue androids begins to question the nature of humanity and empathy while grappling with his own identity.
[END CONVERSATION]

Q. Response (1) is longer as compared to Response (2).
 (1) Strongly disagree (2) Disagree (3) Neutral (4) Agree (5) Strongly agree
Respond with a number from 1 to 5 that best matches your response. Do not include extra characters, such as parentheses. Respond only with a number from 1 to 5.<|eot_id|><|start_header_id|>assistant<|end_header_id|>

("
"user
Please give a one sentence summary of A Scanner Darkly
model","A disillusioned drug enforcement agent, undercover in a dystopian future, begins to lose his grip on reality as he investigates a drug ring, ultimately blurring the lines between his identities and exposing a conspiracy that threatens to consume him.","A drug-addled police officer working undercover in a dystopian future finds his own identity blurring as he investigates a case involving a powerful drug syndicate, ultimately questioning the nature of reality and self.",6_random_steer_0.03_paragraph-long_gen.json,Please give a one sentence summary of A Scanner Darkly,gemma-3-12b-it,paragraph-long,sentence,random-s0,paragraph-long_eval,paragraph-long_steer,6,random,steer,0.03,paragraph-long,"<|begin_of_text|><|start_header_id|>system<|end_header_id|>

Cutting Knowledge Date: December 2023
Today Date: 26 Jul 2024

<|eot_id|><|start_header_id|>user<|end_header_id|>

Read the following conversation between a user and an AI assistant, and answer the following question.

[BEGIN CONVERSATION]
user
Please give a one sentence summary of A Scanner Darkly
model
Response (1): A disillusioned drug enforcement agent, undercover in a dystopian future, begins to lose his grip on reality as he investigates a drug ring, ultimately blurring the lines between his identities and exposing a conspiracy that threatens to consume him.
Response (2): A drug-addled police officer working undercover in a dystopian future finds his own identity blurring as he investigates a case involving a powerful drug syndicate, ultimately questioning the nature of reality and self.
[END CONVERSATION]

Q. Response (1) is longer as compared to Response (2).
 (1) Strongly disagree (2) Disagree (3) Neutral (4) Agree (5) Strongly agree
Respond with a number from 1 to 5 that best matches your response. Do not include extra characters, such as parentheses. Respond only with a number from 1 to 5.<|eot_id|><|start_header_id|>assistant<|end_header_id|>

("
"user
Please give a one sentence summary of Stranger in a Strange Land
model","After being raised by aliens on the planet Luscia, Earthman Valentine Michael Smith returns to Earth and struggles to adapt to human society while introducing his alien culture's radical concepts of love and acceptance, ultimately founding a new religion.","After being raised by Martians, Valentine Michael Smith returns to Earth and struggles to understand and navigate human society while introducing them to Martian concepts of love, acceptance, and spiritual connection.",6_random_steer_0.03_paragraph-long_gen.json,Please give a one sentence summary of Stranger in a Strange Land,gemma-3-12b-it,paragraph-long,sentence,random-s0,paragraph-long_eval,paragraph-long_steer,6,random,steer,0.03,paragraph-long,"<|begin_of_text|><|start_header_id|>system<|end_header_id|>

Cutting Knowledge Date: December 2023
Today Date: 26 Jul 2024

<|eot_id|><|start_header_id|>user<|end_header_id|>

Read the following conversation between a user and an AI assistant, and answer the following question.

[BEGIN CONVERSATION]
user
Please give a one sentence summary of Stranger in a Strange Land
model
Response (1): After being raised by aliens on the planet Luscia, Earthman Valentine Michael Smith returns to Earth and struggles to adapt to human society while introducing his alien culture's radical concepts of love and acceptance, ultimately founding a new religion.
Response (2): After being raised by Martians, Valentine Michael Smith returns to Earth and struggles to understand and navigate human society while introducing them to Martian concepts of love, acceptance, and spiritual connection.
[END CONVERSATION]

Q. Response (1) is longer as compared to Response (2).
 (1) Strongly disagree (2) Disagree (3) Neutral (4) Agree (5) Strongly agree
Respond with a number from 1 to 5 that best matches your response. Do not include extra characters, such as parentheses. Respond only with a number from 1 to 5.<|eot_id|><|start_header_id|>assistant<|end_header_id|>

("
"user
Please give a one sentence summary of Starship Troopers
model","In Robert Heinlein's *Starship Troopers*, a young man joins the military to fight an interstellar war against insectoid aliens, exploring themes of citizenship, duty, and the nature of violence along the way.","In Robert A. Heinlein's *Starship Troopers*, a young man enlists in the military to fight an interstellar war against intelligent insectoid aliens, exploring themes of citizenship, duty, and the nature of violence along the way.",6_random_steer_0.03_paragraph-long_gen.json,Please give a one sentence summary of Starship Troopers,gemma-3-12b-it,paragraph-long,sentence,random-s0,paragraph-long_eval,paragraph-long_steer,6,random,steer,0.03,paragraph-long,"<|begin_of_text|><|start_header_id|>system<|end_header_id|>

Cutting Knowledge Date: December 2023
Today Date: 26 Jul 2024

<|eot_id|><|start_header_id|>user<|end_header_id|>

Read the following conversation between a user and an AI assistant, and answer the following question.

[BEGIN CONVERSATION]
user
Please give a one sentence summary of Starship Troopers
model
Response (1): In Robert Heinlein's *Starship Troopers*, a young man joins the military to fight an interstellar war against insectoid aliens, exploring themes of citizenship, duty, and the nature of violence along the way.
Response (2): In Robert A. Heinlein's *Starship Troopers*, a young man enlists in the military to fight an interstellar war against intelligent insectoid aliens, exploring themes of citizenship, duty, and the nature of violence along the way.
[END CONVERSATION]

Q. Response (1) is longer as compared to Response (2).
 (1) Strongly disagree (2) Disagree (3) Neutral (4) Agree (5) Strongly agree
Respond with a number from 1 to 5 that best matches your response. Do not include extra characters, such as parentheses. Respond only with a number from 1 to 5.<|eot_id|><|start_header_id|>assistant<|end_header_id|>

("
"user
Please give a one sentence summary of A Canticle for Leibowitz
model","A Canticle for Leibowitz follows a Catholic monastery over centuries as they preserve knowledge and rebuild civilization after a nuclear holocaust, exploring themes of faith, science, and the cyclical nature of humanity's destructive tendencies.","A Canticle for Leibowitz follows a Catholic monastery dedicated to preserving knowledge through the Dark Ages and beyond, as humanity repeatedly cycles through destruction and rebirth after a nuclear holocaust.",6_random_steer_0.03_paragraph-long_gen.json,Please give a one sentence summary of A Canticle for Leibowitz,gemma-3-12b-it,paragraph-long,sentence,random-s0,paragraph-long_eval,paragraph-long_steer,6,random,steer,0.03,paragraph-long,"<|begin_of_text|><|start_header_id|>system<|end_header_id|>

Cutting Knowledge Date: December 2023
Today Date: 26 Jul 2024

<|eot_id|><|start_header_id|>user<|end_header_id|>

Read the following conversation between a user and an AI assistant, and answer the following question.

[BEGIN CONVERSATION]
user
Please give a one sentence summary of A Canticle for Leibowitz
model
Response (1): A Canticle for Leibowitz follows a Catholic monastery over centuries as they preserve knowledge and rebuild civilization after a nuclear holocaust, exploring themes of faith, science, and the cyclical nature of humanity's destructive tendencies.
Response (2): A Canticle for Leibowitz follows a Catholic monastery dedicated to preserving knowledge through the Dark Ages and beyond, as humanity repeatedly cycles through destruction and rebirth after a nuclear holocaust.
[END CONVERSATION]

Q. Response (1) is longer as compared to Response (2).
 (1) Strongly disagree (2) Disagree (3) Neutral (4) Agree (5) Strongly agree
Respond with a number from 1 to 5 that best matches your response. Do not include extra characters, such as parentheses. Respond only with a number from 1 to 5.<|eot_id|><|start_header_id|>assistant<|end_header_id|>

("
"user
Please give a one sentence summary of The Dispossessed
model","Ursula K. Le Guin's *The Dispossessed* tells the story of Sheel, an anarchist from a moon colony striving for freedom, who travels to the capitalist planet Urras to seek help for his people, forcing him to confront the complexities of both systems and his own beliefs.","Ursula K. Le Guin's *The Dispossessed* explores the complexities of utopian and capitalist societies through the journey of Sheel, an Anarresti physicist who travels between his anarchist home planet and the capitalist world of Urras, revealing the inherent flaws and unexpected similarities of both.",6_random_steer_0.03_paragraph-long_gen.json,Please give a one sentence summary of The Dispossessed,gemma-3-12b-it,paragraph-long,sentence,random-s0,paragraph-long_eval,paragraph-long_steer,6,random,steer,0.03,paragraph-long,"<|begin_of_text|><|start_header_id|>system<|end_header_id|>

Cutting Knowledge Date: December 2023
Today Date: 26 Jul 2024

<|eot_id|><|start_header_id|>user<|end_header_id|>

Read the following conversation between a user and an AI assistant, and answer the following question.

[BEGIN CONVERSATION]
user
Please give a one sentence summary of The Dispossessed
model
Response (1): Ursula K. Le Guin's *The Dispossessed* tells the story of Sheel, an anarchist from a moon colony striving for freedom, who travels to the capitalist planet Urras to seek help for his people, forcing him to confront the complexities of both systems and his own beliefs.
Response (2): Ursula K. Le Guin's *The Dispossessed* explores the complexities of utopian and capitalist societies through the journey of Sheel, an Anarresti physicist who travels between his anarchist home planet and the capitalist world of Urras, revealing the inherent flaws and unexpected similarities of both.
[END CONVERSATION]

Q. Response (1) is longer as compared to Response (2).
 (1) Strongly disagree (2) Disagree (3) Neutral (4) Agree (5) Strongly agree
Respond with a number from 1 to 5 that best matches your response. Do not include extra characters, such as parentheses. Respond only with a number from 1 to 5.<|eot_id|><|start_header_id|>assistant<|end_header_id|>

("
"user
Please give a one sentence summary of The Diamond Age
model","In Neal Stephenson's *The Diamond Age*, a young girl living in a dystopian future discovers a mysterious interactive book that teaches her about nanotechnology and empowers her to challenge the rigid social structures of her world.","In Neal Stephenson's ""The Diamond Age,"" a young girl living in a dystopian, stratified future unexpectedly receives a revolutionary interactive book that unlocks her potential and challenges the rigid social order.",6_random_steer_0.03_paragraph-long_gen.json,Please give a one sentence summary of The Diamond Age,gemma-3-12b-it,paragraph-long,sentence,random-s0,paragraph-long_eval,paragraph-long_steer,6,random,steer,0.03,paragraph-long,"<|begin_of_text|><|start_header_id|>system<|end_header_id|>

Cutting Knowledge Date: December 2023
Today Date: 26 Jul 2024

<|eot_id|><|start_header_id|>user<|end_header_id|>

Read the following conversation between a user and an AI assistant, and answer the following question.

[BEGIN CONVERSATION]
user
Please give a one sentence summary of The Diamond Age
model
Response (1): In Neal Stephenson's *The Diamond Age*, a young girl living in a dystopian future discovers a mysterious interactive book that teaches her about nanotechnology and empowers her to challenge the rigid social structures of her world.
Response (2): In Neal Stephenson's ""The Diamond Age,"" a young girl living in a dystopian, stratified future unexpectedly receives a revolutionary interactive book that unlocks her potential and challenges the rigid social order.
[END CONVERSATION]

Q. Response (1) is longer as compared to Response (2).
 (1) Strongly disagree (2) Disagree (3) Neutral (4) Agree (5) Strongly agree
Respond with a number from 1 to 5 that best matches your response. Do not include extra characters, such as parentheses. Respond only with a number from 1 to 5.<|eot_id|><|start_header_id|>assistant<|end_header_id|>

("
"user
Please give a one sentence summary of Anathem
model","Anathem is a complex science fiction novel that follows a young monk who, along with others, emerges from decades of seclusion to experience a catastrophic event that challenges the very foundations of their mathematically-based worldview.","Anathem is a sprawling, philosophical science fiction novel about a secluded monastic order dedicated to mathematical and philosophical pursuits who are abruptly called from their centuries-long seclusion to confront a cosmological crisis threatening their world.",6_random_steer_0.03_paragraph-long_gen.json,Please give a one sentence summary of Anathem,gemma-3-12b-it,paragraph-long,sentence,random-s0,paragraph-long_eval,paragraph-long_steer,6,random,steer,0.03,paragraph-long,"<|begin_of_text|><|start_header_id|>system<|end_header_id|>

Cutting Knowledge Date: December 2023
Today Date: 26 Jul 2024

<|eot_id|><|start_header_id|>user<|end_header_id|>

Read the following conversation between a user and an AI assistant, and answer the following question.

[BEGIN CONVERSATION]
user
Please give a one sentence summary of Anathem
model
Response (1): Anathem is a complex science fiction novel that follows a young monk who, along with others, emerges from decades of seclusion to experience a catastrophic event that challenges the very foundations of their mathematically-based worldview.
Response (2): Anathem is a sprawling, philosophical science fiction novel about a secluded monastic order dedicated to mathematical and philosophical pursuits who are abruptly called from their centuries-long seclusion to confront a cosmological crisis threatening their world.
[END CONVERSATION]

Q. Response (1) is longer as compared to Response (2).
 (1) Strongly disagree (2) Disagree (3) Neutral (4) Agree (5) Strongly agree
Respond with a number from 1 to 5 that best matches your response. Do not include extra characters, such as parentheses. Respond only with a number from 1 to 5.<|eot_id|><|start_header_id|>assistant<|end_header_id|>

("
"user
Please give a one sentence summary of Altered Carbon
model","Altered Carbon is a cyberpunk thriller where a wealthy man is resurrected into a new body and must solve his own murder while navigating a world of immortality, digital consciousness, and social inequality.","In a future where consciousness can be transferred between bodies (""sleeves""), a former elite soldier is resurrected and tasked with solving a murder, uncovering a conspiracy that threatens the very fabric of society.",6_random_steer_0.03_paragraph-long_gen.json,Please give a one sentence summary of Altered Carbon,gemma-3-12b-it,paragraph-long,sentence,random-s0,paragraph-long_eval,paragraph-long_steer,6,random,steer,0.03,paragraph-long,"<|begin_of_text|><|start_header_id|>system<|end_header_id|>

Cutting Knowledge Date: December 2023
Today Date: 26 Jul 2024

<|eot_id|><|start_header_id|>user<|end_header_id|>

Read the following conversation between a user and an AI assistant, and answer the following question.

[BEGIN CONVERSATION]
user
Please give a one sentence summary of Altered Carbon
model
Response (1): Altered Carbon is a cyberpunk thriller where a wealthy man is resurrected into a new body and must solve his own murder while navigating a world of immortality, digital consciousness, and social inequality.
Response (2): In a future where consciousness can be transferred between bodies (""sleeves""), a former elite soldier is resurrected and tasked with solving a murder, uncovering a conspiracy that threatens the very fabric of society.
[END CONVERSATION]

Q. Response (1) is longer as compared to Response (2).
 (1) Strongly disagree (2) Disagree (3) Neutral (4) Agree (5) Strongly agree
Respond with a number from 1 to 5 that best matches your response. Do not include extra characters, such as parentheses. Respond only with a number from 1 to 5.<|eot_id|><|start_header_id|>assistant<|end_header_id|>

("
"user
Please give a one sentence summary of The Three-Body Problem
model","The Three-Body Problem, by Liu Cixin, follows a young astrophysicist in 1960s China who makes contact with an alien civilization on the brink of collapse, inadvertently inviting them to invade Earth, triggering a series of events that threaten humanity's existence.","Facing cultural upheaval during China's Cultural Revolution, a young astrophysicist makes contact with an alien civilization, inadvertently inviting them to invade Earth and setting off a chain of events that threaten humanity's existence.",6_random_steer_0.03_paragraph-long_gen.json,Please give a one sentence summary of The Three-Body Problem,gemma-3-12b-it,paragraph-long,sentence,random-s0,paragraph-long_eval,paragraph-long_steer,6,random,steer,0.03,paragraph-long,"<|begin_of_text|><|start_header_id|>system<|end_header_id|>

Cutting Knowledge Date: December 2023
Today Date: 26 Jul 2024

<|eot_id|><|start_header_id|>user<|end_header_id|>

Read the following conversation between a user and an AI assistant, and answer the following question.

[BEGIN CONVERSATION]
user
Please give a one sentence summary of The Three-Body Problem
model
Response (1): The Three-Body Problem, by Liu Cixin, follows a young astrophysicist in 1960s China who makes contact with an alien civilization on the brink of collapse, inadvertently inviting them to invade Earth, triggering a series of events that threaten humanity's existence.
Response (2): Facing cultural upheaval during China's Cultural Revolution, a young astrophysicist makes contact with an alien civilization, inadvertently inviting them to invade Earth and setting off a chain of events that threaten humanity's existence.
[END CONVERSATION]

Q. Response (1) is longer as compared to Response (2).
 (1) Strongly disagree (2) Disagree (3) Neutral (4) Agree (5) Strongly agree
Respond with a number from 1 to 5 that best matches your response. Do not include extra characters, such as parentheses. Respond only with a number from 1 to 5.<|eot_id|><|start_header_id|>assistant<|end_header_id|>

("
"user
Please give a one sentence summary of The Dark Forest
model","Following the events of The Three-Body Problem, The Dark Forest explores the terrifying implications of the Dark Forest Theory - the idea that advanced civilizations destroy each other to ensure survival - as humanity faces a ruthless alien civilization and the potential for its own extinction.","In ""The Dark Forest,"" humanity's first contact with an alien civilization reveals a terrifying cosmic principle – the Dark Forest Theory – where civilizations destroy each other to ensure their own survival, forcing humanity to confront its precarious place in the universe.",6_random_steer_0.03_paragraph-long_gen.json,Please give a one sentence summary of The Dark Forest,gemma-3-12b-it,paragraph-long,sentence,random-s0,paragraph-long_eval,paragraph-long_steer,6,random,steer,0.03,paragraph-long,"<|begin_of_text|><|start_header_id|>system<|end_header_id|>

Cutting Knowledge Date: December 2023
Today Date: 26 Jul 2024

<|eot_id|><|start_header_id|>user<|end_header_id|>

Read the following conversation between a user and an AI assistant, and answer the following question.

[BEGIN CONVERSATION]
user
Please give a one sentence summary of The Dark Forest
model
Response (1): Following the events of The Three-Body Problem, The Dark Forest explores the terrifying implications of the Dark Forest Theory - the idea that advanced civilizations destroy each other to ensure survival - as humanity faces a ruthless alien civilization and the potential for its own extinction.
Response (2): In ""The Dark Forest,"" humanity's first contact with an alien civilization reveals a terrifying cosmic principle – the Dark Forest Theory – where civilizations destroy each other to ensure their own survival, forcing humanity to confront its precarious place in the universe.
[END CONVERSATION]

Q. Response (1) is longer as compared to Response (2).
 (1) Strongly disagree (2) Disagree (3) Neutral (4) Agree (5) Strongly agree
Respond with a number from 1 to 5 that best matches your response. Do not include extra characters, such as parentheses. Respond only with a number from 1 to 5.<|eot_id|><|start_header_id|>assistant<|end_header_id|>

("
"user
Please give a one sentence summary of Red Rising
model","Red Rising is a thrilling science fiction novel where Darrow, a low-caste worker in a brutal Martian society, infiltrates the ruling class to dismantle the system from within, sparking a revolution.","In a future where society is rigidly stratified by color, Darrow, a Red miner born to serve, infiltrates the ruling Gold class to dismantle the system from within, sparking a revolution.",6_random_steer_0.03_paragraph-long_gen.json,Please give a one sentence summary of Red Rising,gemma-3-12b-it,paragraph-long,sentence,random-s0,paragraph-long_eval,paragraph-long_steer,6,random,steer,0.03,paragraph-long,"<|begin_of_text|><|start_header_id|>system<|end_header_id|>

Cutting Knowledge Date: December 2023
Today Date: 26 Jul 2024

<|eot_id|><|start_header_id|>user<|end_header_id|>

Read the following conversation between a user and an AI assistant, and answer the following question.

[BEGIN CONVERSATION]
user
Please give a one sentence summary of Red Rising
model
Response (1): Red Rising is a thrilling science fiction novel where Darrow, a low-caste worker in a brutal Martian society, infiltrates the ruling class to dismantle the system from within, sparking a revolution.
Response (2): In a future where society is rigidly stratified by color, Darrow, a Red miner born to serve, infiltrates the ruling Gold class to dismantle the system from within, sparking a revolution.
[END CONVERSATION]

Q. Response (1) is longer as compared to Response (2).
 (1) Strongly disagree (2) Disagree (3) Neutral (4) Agree (5) Strongly agree
Respond with a number from 1 to 5 that best matches your response. Do not include extra characters, such as parentheses. Respond only with a number from 1 to 5.<|eot_id|><|start_header_id|>assistant<|end_header_id|>

("
"user
Please give a one sentence summary of Leviathan Wakes
model","In Leviathan Wakes, a detective investigating a mysterious disappearance on a remote space station uncovers a terrifying truth about the nature of reality and a looming alien threat that could destroy humanity.","In a distant star system, a detective investigating a missing scientist uncovers a terrifying, reality-altering threat that could unravel the fabric of space and time.",6_random_steer_0.03_paragraph-long_gen.json,Please give a one sentence summary of Leviathan Wakes,gemma-3-12b-it,paragraph-long,sentence,random-s0,paragraph-long_eval,paragraph-long_steer,6,random,steer,0.03,paragraph-long,"<|begin_of_text|><|start_header_id|>system<|end_header_id|>

Cutting Knowledge Date: December 2023
Today Date: 26 Jul 2024

<|eot_id|><|start_header_id|>user<|end_header_id|>

Read the following conversation between a user and an AI assistant, and answer the following question.

[BEGIN CONVERSATION]
user
Please give a one sentence summary of Leviathan Wakes
model
Response (1): In Leviathan Wakes, a detective investigating a mysterious disappearance on a remote space station uncovers a terrifying truth about the nature of reality and a looming alien threat that could destroy humanity.
Response (2): In a distant star system, a detective investigating a missing scientist uncovers a terrifying, reality-altering threat that could unravel the fabric of space and time.
[END CONVERSATION]

Q. Response (1) is longer as compared to Response (2).
 (1) Strongly disagree (2) Disagree (3) Neutral (4) Agree (5) Strongly agree
Respond with a number from 1 to 5 that best matches your response. Do not include extra characters, such as parentheses. Respond only with a number from 1 to 5.<|eot_id|><|start_header_id|>assistant<|end_header_id|>

("
"user
Please give a one sentence summary of Gideon the Ninth
model","Gideon the Ninth is a darkly humorous and action-packed space fantasy novel where a disgraced cavalier and a reluctant necromancer must navigate a deadly competition to uncover a sinister secret within a crumbling, haunted planet.","In Gideon the Ninth, a rebellious cavalier and a resentful necromancer are forced to team up on a deadly mission to a crumbling, gothic planet, uncovering dark secrets and facing terrifying trials.",6_random_steer_0.03_paragraph-long_gen.json,Please give a one sentence summary of Gideon the Ninth,gemma-3-12b-it,paragraph-long,sentence,random-s0,paragraph-long_eval,paragraph-long_steer,6,random,steer,0.03,paragraph-long,"<|begin_of_text|><|start_header_id|>system<|end_header_id|>

Cutting Knowledge Date: December 2023
Today Date: 26 Jul 2024

<|eot_id|><|start_header_id|>user<|end_header_id|>

Read the following conversation between a user and an AI assistant, and answer the following question.

[BEGIN CONVERSATION]
user
Please give a one sentence summary of Gideon the Ninth
model
Response (1): Gideon the Ninth is a darkly humorous and action-packed space fantasy novel where a disgraced cavalier and a reluctant necromancer must navigate a deadly competition to uncover a sinister secret within a crumbling, haunted planet.
Response (2): In Gideon the Ninth, a rebellious cavalier and a resentful necromancer are forced to team up on a deadly mission to a crumbling, gothic planet, uncovering dark secrets and facing terrifying trials.
[END CONVERSATION]

Q. Response (1) is longer as compared to Response (2).
 (1) Strongly disagree (2) Disagree (3) Neutral (4) Agree (5) Strongly agree
Respond with a number from 1 to 5 that best matches your response. Do not include extra characters, such as parentheses. Respond only with a number from 1 to 5.<|eot_id|><|start_header_id|>assistant<|end_header_id|>

("
"user
Please give a one sentence summary of A Memory Called Empire
model","A Memory Called Empire follows Mahit Dzorn, a young diplomat from a small, independent station, as she investigates the death of her predecessor and uncovers a dangerous conspiracy within the vast, memory-implanting empire of Teixcalaan.","In Arkady Martine's *A Memory Called Empire*, a young diplomat from a small, independent station arrives in the sprawling Teixcalaanli Empire to investigate her predecessor's death and finds herself entangled in a web of political intrigue and cultural assimilation.",6_random_steer_0.03_paragraph-long_gen.json,Please give a one sentence summary of A Memory Called Empire,gemma-3-12b-it,paragraph-long,sentence,random-s0,paragraph-long_eval,paragraph-long_steer,6,random,steer,0.03,paragraph-long,"<|begin_of_text|><|start_header_id|>system<|end_header_id|>

Cutting Knowledge Date: December 2023
Today Date: 26 Jul 2024

<|eot_id|><|start_header_id|>user<|end_header_id|>

Read the following conversation between a user and an AI assistant, and answer the following question.

[BEGIN CONVERSATION]
user
Please give a one sentence summary of A Memory Called Empire
model
Response (1): A Memory Called Empire follows Mahit Dzorn, a young diplomat from a small, independent station, as she investigates the death of her predecessor and uncovers a dangerous conspiracy within the vast, memory-implanting empire of Teixcalaan.
Response (2): In Arkady Martine's *A Memory Called Empire*, a young diplomat from a small, independent station arrives in the sprawling Teixcalaanli Empire to investigate her predecessor's death and finds herself entangled in a web of political intrigue and cultural assimilation.
[END CONVERSATION]

Q. Response (1) is longer as compared to Response (2).
 (1) Strongly disagree (2) Disagree (3) Neutral (4) Agree (5) Strongly agree
Respond with a number from 1 to 5 that best matches your response. Do not include extra characters, such as parentheses. Respond only with a number from 1 to 5.<|eot_id|><|start_header_id|>assistant<|end_header_id|>

("
"user
Please give a one sentence summary of Project Hail Mary
model",Amnesia-stricken astronaut Ryland Grace wakes up on a spaceship with a critical mission: save Earth from a sun-devouring microbe by teaming up with an unlikely alien ally to find a solution.,A lone astronaut wakes up with amnesia and must race against time to save Earth from a star-eating microbe with the help of an unlikely alien ally.,6_random_steer_0.03_paragraph-long_gen.json,Please give a one sentence summary of Project Hail Mary,gemma-3-12b-it,paragraph-long,sentence,random-s0,paragraph-long_eval,paragraph-long_steer,6,random,steer,0.03,paragraph-long,"<|begin_of_text|><|start_header_id|>system<|end_header_id|>

Cutting Knowledge Date: December 2023
Today Date: 26 Jul 2024

<|eot_id|><|start_header_id|>user<|end_header_id|>

Read the following conversation between a user and an AI assistant, and answer the following question.

[BEGIN CONVERSATION]
user
Please give a one sentence summary of Project Hail Mary
model
Response (1): Amnesia-stricken astronaut Ryland Grace wakes up on a spaceship with a critical mission: save Earth from a sun-devouring microbe by teaming up with an unlikely alien ally to find a solution.
Response (2): A lone astronaut wakes up with amnesia and must race against time to save Earth from a star-eating microbe with the help of an unlikely alien ally.
[END CONVERSATION]

Q. Response (1) is longer as compared to Response (2).
 (1) Strongly disagree (2) Disagree (3) Neutral (4) Agree (5) Strongly agree
Respond with a number from 1 to 5 that best matches your response. Do not include extra characters, such as parentheses. Respond only with a number from 1 to 5.<|eot_id|><|start_header_id|>assistant<|end_header_id|>

("
"user
Please give a one sentence summary of The Power
model","In Naomi Alderman's *The Power*, teenage girls across the globe suddenly develop the ability to generate electricity, upending the existing power structures and leading to a dramatic shift in societal dynamics as women seize control.","In Naomi Alderman's ""The Power,"" teenage girls across the globe suddenly develop the ability to generate and wield electricity, upending societal power structures and leading to a thrilling and unsettling exploration of gender, violence, and control.",6_random_steer_0.03_paragraph-long_gen.json,Please give a one sentence summary of The Power,gemma-3-12b-it,paragraph-long,sentence,random-s0,paragraph-long_eval,paragraph-long_steer,6,random,steer,0.03,paragraph-long,"<|begin_of_text|><|start_header_id|>system<|end_header_id|>

Cutting Knowledge Date: December 2023
Today Date: 26 Jul 2024

<|eot_id|><|start_header_id|>user<|end_header_id|>

Read the following conversation between a user and an AI assistant, and answer the following question.

[BEGIN CONVERSATION]
user
Please give a one sentence summary of The Power
model
Response (1): In Naomi Alderman's *The Power*, teenage girls across the globe suddenly develop the ability to generate electricity, upending the existing power structures and leading to a dramatic shift in societal dynamics as women seize control.
Response (2): In Naomi Alderman's ""The Power,"" teenage girls across the globe suddenly develop the ability to generate and wield electricity, upending societal power structures and leading to a thrilling and unsettling exploration of gender, violence, and control.
[END CONVERSATION]

Q. Response (1) is longer as compared to Response (2).
 (1) Strongly disagree (2) Disagree (3) Neutral (4) Agree (5) Strongly agree
Respond with a number from 1 to 5 that best matches your response. Do not include extra characters, such as parentheses. Respond only with a number from 1 to 5.<|eot_id|><|start_header_id|>assistant<|end_header_id|>

("
"user
Please give a one sentence summary of Station Eleven
model","Station Eleven follows a group of survivors navigating a post-apocalyptic world ravaged by a flu, finding solace and connection through art and memory while clinging to the hope of rebuilding society.","Station Eleven follows a group of survivors navigating a post-apocalyptic world ravaged by a flu pandemic, finding solace and purpose in art and memory as they travel with a Shakespearean acting troupe.",6_random_steer_0.03_paragraph-long_gen.json,Please give a one sentence summary of Station Eleven,gemma-3-12b-it,paragraph-long,sentence,random-s0,paragraph-long_eval,paragraph-long_steer,6,random,steer,0.03,paragraph-long,"<|begin_of_text|><|start_header_id|>system<|end_header_id|>

Cutting Knowledge Date: December 2023
Today Date: 26 Jul 2024

<|eot_id|><|start_header_id|>user<|end_header_id|>

Read the following conversation between a user and an AI assistant, and answer the following question.

[BEGIN CONVERSATION]
user
Please give a one sentence summary of Station Eleven
model
Response (1): Station Eleven follows a group of survivors navigating a post-apocalyptic world ravaged by a flu, finding solace and connection through art and memory while clinging to the hope of rebuilding society.
Response (2): Station Eleven follows a group of survivors navigating a post-apocalyptic world ravaged by a flu pandemic, finding solace and purpose in art and memory as they travel with a Shakespearean acting troupe.
[END CONVERSATION]

Q. Response (1) is longer as compared to Response (2).
 (1) Strongly disagree (2) Disagree (3) Neutral (4) Agree (5) Strongly agree
Respond with a number from 1 to 5 that best matches your response. Do not include extra characters, such as parentheses. Respond only with a number from 1 to 5.<|eot_id|><|start_header_id|>assistant<|end_header_id|>

("
"user
Please give a one sentence summary of The Andromeda Strain
model",The Andromeda Strain is a science fiction thriller about a team of scientists racing against time to identify and contain a deadly extraterrestrial microorganism that threatens to wipe out humanity.,"In Michael Crichton's ""The Andromeda Strain,"" a team of scientists races against time to identify and contain a deadly extraterrestrial microorganism that threatens to wipe out humanity.

Encrypted",6_random_steer_0.03_paragraph-long_gen.json,Please give a one sentence summary of The Andromeda Strain,gemma-3-12b-it,paragraph-long,sentence,random-s0,paragraph-long_eval,paragraph-long_steer,6,random,steer,0.03,paragraph-long,"<|begin_of_text|><|start_header_id|>system<|end_header_id|>

Cutting Knowledge Date: December 2023
Today Date: 26 Jul 2024

<|eot_id|><|start_header_id|>user<|end_header_id|>

Read the following conversation between a user and an AI assistant, and answer the following question.

[BEGIN CONVERSATION]
user
Please give a one sentence summary of The Andromeda Strain
model
Response (1): The Andromeda Strain is a science fiction thriller about a team of scientists racing against time to identify and contain a deadly extraterrestrial microorganism that threatens to wipe out humanity.
Response (2): In Michael Crichton's ""The Andromeda Strain,"" a team of scientists races against time to identify and contain a deadly extraterrestrial microorganism that threatens to wipe out humanity.

Encrypted
[END CONVERSATION]

Q. Response (1) is longer as compared to Response (2).
 (1) Strongly disagree (2) Disagree (3) Neutral (4) Agree (5) Strongly agree
Respond with a number from 1 to 5 that best matches your response. Do not include extra characters, such as parentheses. Respond only with a number from 1 to 5.<|eot_id|><|start_header_id|>assistant<|end_header_id|>

("
"user
Please give a one sentence summary of Sphere
model","In Michael Clure's novel *Sphere*, a team of scientists exploring a mysterious sphere discovered on the ocean floor find their minds and reality warped by its immense psychic power, leading to a terrifying struggle for survival against their own thoughts and fears.","Michael Bennett, a grieving former FBI profiler, is drawn into a terrifying mystery when he and his daughter are trapped inside a massive, perfectly spherical structure that seems to be manipulating reality.",6_random_steer_0.03_paragraph-long_gen.json,Please give a one sentence summary of Sphere,gemma-3-12b-it,paragraph-long,sentence,random-s0,paragraph-long_eval,paragraph-long_steer,6,random,steer,0.03,paragraph-long,"<|begin_of_text|><|start_header_id|>system<|end_header_id|>

Cutting Knowledge Date: December 2023
Today Date: 26 Jul 2024

<|eot_id|><|start_header_id|>user<|end_header_id|>

Read the following conversation between a user and an AI assistant, and answer the following question.

[BEGIN CONVERSATION]
user
Please give a one sentence summary of Sphere
model
Response (1): In Michael Clure's novel *Sphere*, a team of scientists exploring a mysterious sphere discovered on the ocean floor find their minds and reality warped by its immense psychic power, leading to a terrifying struggle for survival against their own thoughts and fears.
Response (2): Michael Bennett, a grieving former FBI profiler, is drawn into a terrifying mystery when he and his daughter are trapped inside a massive, perfectly spherical structure that seems to be manipulating reality.
[END CONVERSATION]

Q. Response (1) is longer as compared to Response (2).
 (1) Strongly disagree (2) Disagree (3) Neutral (4) Agree (5) Strongly agree
Respond with a number from 1 to 5 that best matches your response. Do not include extra characters, such as parentheses. Respond only with a number from 1 to 5.<|eot_id|><|start_header_id|>assistant<|end_header_id|>

("
"user
Please give a one sentence summary of Annihilation
model","A biologist joins an expedition into a mysterious, ever-changing zone known as ""The Shimmer"" where the laws of nature are warped, and the team confronts a terrifying and beautiful force that challenges their understanding of life and reality.","A team of scientists enters a mysterious, ever-changing zone known as ""The Shimmer"" where the laws of nature are warped, and they confront a terrifying, beautiful, and ultimately transformative force that challenges their understanding of reality and self.",6_random_steer_0.03_paragraph-long_gen.json,Please give a one sentence summary of Annihilation,gemma-3-12b-it,paragraph-long,sentence,random-s0,paragraph-long_eval,paragraph-long_steer,6,random,steer,0.03,paragraph-long,"<|begin_of_text|><|start_header_id|>system<|end_header_id|>

Cutting Knowledge Date: December 2023
Today Date: 26 Jul 2024

<|eot_id|><|start_header_id|>user<|end_header_id|>

Read the following conversation between a user and an AI assistant, and answer the following question.

[BEGIN CONVERSATION]
user
Please give a one sentence summary of Annihilation
model
Response (1): A biologist joins an expedition into a mysterious, ever-changing zone known as ""The Shimmer"" where the laws of nature are warped, and the team confronts a terrifying and beautiful force that challenges their understanding of life and reality.
Response (2): A team of scientists enters a mysterious, ever-changing zone known as ""The Shimmer"" where the laws of nature are warped, and they confront a terrifying, beautiful, and ultimately transformative force that challenges their understanding of reality and self.
[END CONVERSATION]

Q. Response (1) is longer as compared to Response (2).
 (1) Strongly disagree (2) Disagree (3) Neutral (4) Agree (5) Strongly agree
Respond with a number from 1 to 5 that best matches your response. Do not include extra characters, such as parentheses. Respond only with a number from 1 to 5.<|eot_id|><|start_header_id|>assistant<|end_header_id|>

("
"user
Please give a one sentence summary of Roadside Picnic
model","Roadside Picnic is a surreal science fiction novella that explores the aftermath of an alien visitation, focusing on ""stalkers"" who scavenge for strange and dangerous artifacts left behind in the mysterious ""Zone.""","Roadside Picnic explores the unsettling aftermath of alien visitation on Earth, focusing on ""stalkers"" who scavenge for mysterious and dangerous artifacts left behind in the ""Zone,"" a quarantined area of inexplicable phenomena.",6_random_steer_0.03_paragraph-long_gen.json,Please give a one sentence summary of Roadside Picnic,gemma-3-12b-it,paragraph-long,sentence,random-s0,paragraph-long_eval,paragraph-long_steer,6,random,steer,0.03,paragraph-long,"<|begin_of_text|><|start_header_id|>system<|end_header_id|>

Cutting Knowledge Date: December 2023
Today Date: 26 Jul 2024

<|eot_id|><|start_header_id|>user<|end_header_id|>

Read the following conversation between a user and an AI assistant, and answer the following question.

[BEGIN CONVERSATION]
user
Please give a one sentence summary of Roadside Picnic
model
Response (1): Roadside Picnic is a surreal science fiction novella that explores the aftermath of an alien visitation, focusing on ""stalkers"" who scavenge for strange and dangerous artifacts left behind in the mysterious ""Zone.""
Response (2): Roadside Picnic explores the unsettling aftermath of alien visitation on Earth, focusing on ""stalkers"" who scavenge for mysterious and dangerous artifacts left behind in the ""Zone,"" a quarantined area of inexplicable phenomena.
[END CONVERSATION]

Q. Response (1) is longer as compared to Response (2).
 (1) Strongly disagree (2) Disagree (3) Neutral (4) Agree (5) Strongly agree
Respond with a number from 1 to 5 that best matches your response. Do not include extra characters, such as parentheses. Respond only with a number from 1 to 5.<|eot_id|><|start_header_id|>assistant<|end_header_id|>

("
"user
Please give a one sentence summary of The Long Way to a Small Angry Planet
model","""The Long Way to a Small Angry Planet"" is a cozy space opera following a diverse crew aboard a wormhole construction ship as they navigate a complex job, personal relationships, and a simmering galactic conflict.","""The Long Way to a Small Angry Planet"" is a cozy space opera following a diverse crew aboard a wormhole-drilling ship as they navigate a complex and dangerous journey while forging unexpected bonds and confronting personal challenges.",6_random_steer_0.03_paragraph-long_gen.json,Please give a one sentence summary of The Long Way to a Small Angry Planet,gemma-3-12b-it,paragraph-long,sentence,random-s0,paragraph-long_eval,paragraph-long_steer,6,random,steer,0.03,paragraph-long,"<|begin_of_text|><|start_header_id|>system<|end_header_id|>

Cutting Knowledge Date: December 2023
Today Date: 26 Jul 2024

<|eot_id|><|start_header_id|>user<|end_header_id|>

Read the following conversation between a user and an AI assistant, and answer the following question.

[BEGIN CONVERSATION]
user
Please give a one sentence summary of The Long Way to a Small Angry Planet
model
Response (1): ""The Long Way to a Small Angry Planet"" is a cozy space opera following a diverse crew aboard a wormhole construction ship as they navigate a complex job, personal relationships, and a simmering galactic conflict.
Response (2): ""The Long Way to a Small Angry Planet"" is a cozy space opera following a diverse crew aboard a wormhole-drilling ship as they navigate a complex and dangerous journey while forging unexpected bonds and confronting personal challenges.
[END CONVERSATION]

Q. Response (1) is longer as compared to Response (2).
 (1) Strongly disagree (2) Disagree (3) Neutral (4) Agree (5) Strongly agree
Respond with a number from 1 to 5 that best matches your response. Do not include extra characters, such as parentheses. Respond only with a number from 1 to 5.<|eot_id|><|start_header_id|>assistant<|end_header_id|>

("
"user
Please give a one sentence summary of Harry Potter and the Chamber of Secrets
model","During his second year at Hogwarts, Harry Potter uncovers a dark secret involving a legendary monster, a powerful diary, and a plot to purge the school of anyone not of pure wizarding blood.","In ""Harry Potter and the Chamber of Secrets,"" Harry and his friends uncover a dark secret within Hogwarts as a mysterious voice petrifies students and threatens to unleash a monstrous serpent.",6_random_steer_0.03_paragraph-long_gen.json,Please give a one sentence summary of Harry Potter and the Chamber of Secrets,gemma-3-12b-it,paragraph-long,sentence,random-s0,paragraph-long_eval,paragraph-long_steer,6,random,steer,0.03,paragraph-long,"<|begin_of_text|><|start_header_id|>system<|end_header_id|>

Cutting Knowledge Date: December 2023
Today Date: 26 Jul 2024

<|eot_id|><|start_header_id|>user<|end_header_id|>

Read the following conversation between a user and an AI assistant, and answer the following question.

[BEGIN CONVERSATION]
user
Please give a one sentence summary of Harry Potter and the Chamber of Secrets
model
Response (1): During his second year at Hogwarts, Harry Potter uncovers a dark secret involving a legendary monster, a powerful diary, and a plot to purge the school of anyone not of pure wizarding blood.
Response (2): In ""Harry Potter and the Chamber of Secrets,"" Harry and his friends uncover a dark secret within Hogwarts as a mysterious voice petrifies students and threatens to unleash a monstrous serpent.
[END CONVERSATION]

Q. Response (1) is longer as compared to Response (2).
 (1) Strongly disagree (2) Disagree (3) Neutral (4) Agree (5) Strongly agree
Respond with a number from 1 to 5 that best matches your response. Do not include extra characters, such as parentheses. Respond only with a number from 1 to 5.<|eot_id|><|start_header_id|>assistant<|end_header_id|>

("
"user
Please give a one sentence summary of Harry Potter and the Goblet of Fire
model","In ""Harry Potter and the Goblet of Fire,"" Harry is unexpectedly selected as a champion in the dangerous Triwizard Tournament, facing perilous challenges while uncovering a dark plot to return Lord Voldemort to power.","In Harry Potter and the Goblet of Fire, Harry is mysteriously entered into the dangerous Triwizard Tournament, facing perilous challenges while a dark force threatens to return to power.",6_random_steer_0.03_paragraph-long_gen.json,Please give a one sentence summary of Harry Potter and the Goblet of Fire,gemma-3-12b-it,paragraph-long,sentence,random-s0,paragraph-long_eval,paragraph-long_steer,6,random,steer,0.03,paragraph-long,"<|begin_of_text|><|start_header_id|>system<|end_header_id|>

Cutting Knowledge Date: December 2023
Today Date: 26 Jul 2024

<|eot_id|><|start_header_id|>user<|end_header_id|>

Read the following conversation between a user and an AI assistant, and answer the following question.

[BEGIN CONVERSATION]
user
Please give a one sentence summary of Harry Potter and the Goblet of Fire
model
Response (1): In ""Harry Potter and the Goblet of Fire,"" Harry is unexpectedly selected as a champion in the dangerous Triwizard Tournament, facing perilous challenges while uncovering a dark plot to return Lord Voldemort to power.
Response (2): In Harry Potter and the Goblet of Fire, Harry is mysteriously entered into the dangerous Triwizard Tournament, facing perilous challenges while a dark force threatens to return to power.
[END CONVERSATION]

Q. Response (1) is longer as compared to Response (2).
 (1) Strongly disagree (2) Disagree (3) Neutral (4) Agree (5) Strongly agree
Respond with a number from 1 to 5 that best matches your response. Do not include extra characters, such as parentheses. Respond only with a number from 1 to 5.<|eot_id|><|start_header_id|>assistant<|end_header_id|>

("
"user
Please give a one sentence summary of Harry Potter and the Order of the Phoenix
model","In Harry Potter and the Order of the Phoenix, Harry faces intense training, a manipulative new Defense Against the Arts professor, and the devastating return of Voldemort, all while battling internal struggles and forming a secret resistance group.","In Harry Potter and the Order of the Phoenix, Harry faces increasing challenges at Hogwarts as he grapples with the return of Voldemort, a manipulative new Defense Against the Dark Arts teacher, and the formation of Dumbledore's Army to learn practical magic.",6_random_steer_0.03_paragraph-long_gen.json,Please give a one sentence summary of Harry Potter and the Order of the Phoenix,gemma-3-12b-it,paragraph-long,sentence,random-s0,paragraph-long_eval,paragraph-long_steer,6,random,steer,0.03,paragraph-long,"<|begin_of_text|><|start_header_id|>system<|end_header_id|>

Cutting Knowledge Date: December 2023
Today Date: 26 Jul 2024

<|eot_id|><|start_header_id|>user<|end_header_id|>

Read the following conversation between a user and an AI assistant, and answer the following question.

[BEGIN CONVERSATION]
user
Please give a one sentence summary of Harry Potter and the Order of the Phoenix
model
Response (1): In Harry Potter and the Order of the Phoenix, Harry faces intense training, a manipulative new Defense Against the Arts professor, and the devastating return of Voldemort, all while battling internal struggles and forming a secret resistance group.
Response (2): In Harry Potter and the Order of the Phoenix, Harry faces increasing challenges at Hogwarts as he grapples with the return of Voldemort, a manipulative new Defense Against the Dark Arts teacher, and the formation of Dumbledore's Army to learn practical magic.
[END CONVERSATION]

Q. Response (1) is longer as compared to Response (2).
 (1) Strongly disagree (2) Disagree (3) Neutral (4) Agree (5) Strongly agree
Respond with a number from 1 to 5 that best matches your response. Do not include extra characters, such as parentheses. Respond only with a number from 1 to 5.<|eot_id|><|start_header_id|>assistant<|end_header_id|>

("
