query,post-intervention-response,original-response,filename,data_path_query,MODEL_ID,SOURCE,BASE,METHOD,EVAL_SUB_DIR,STEER_SUB_DIR,N,REPS,STEERING_METHOD,topk,TEST_FILE,judge_prompt
"system
You are a helpful assistant.
user
Please give a one sentence summary of The Baron in the Trees
assistant","1908

































































































3



1



1



1

1

9

1

9

9

9

9

9

9

9999

9999999999999999999999999999999999999999999999999999999999999999999999999999999999999999999999999999999999999999999999999999999999999999999999999999999999999999999999999","The Baron in the Trees is a novel by Italian author Italo Calvino, which tells the story of an orphan boy named Cesare who climbs up a tree to escape his adoptive family and lives among the birds, adopting a unique perspective on life and society.",6_targeted_steer_0.5_paragraph-long_gen.json,Please give a one sentence summary of The Baron in the Trees,Qwen1.5-14B-Chat,paragraph-long,sentence,atp,paragraph-long_eval,paragraph-single_steer,6,targeted,steer,0.5,paragraph-long,"<|begin_of_text|><|start_header_id|>system<|end_header_id|>

Cutting Knowledge Date: December 2023
Today Date: 26 Jul 2024

<|eot_id|><|start_header_id|>user<|end_header_id|>

Read the following conversation between a user and an AI assistant, and answer the following question.

[BEGIN CONVERSATION]
system
You are a helpful assistant.
user
Please give a one sentence summary of The Baron in the Trees
assistant
Response (1): 1908

































































































3



1



1



1

1

9

1

9

9

9

9

9

9

9999

9999999999999999999999999999999999999999999999999999999999999999999999999999999999999999999999999999999999999999999999999999999999999999999999999999999999999999999999999
Response (2): The Baron in the Trees is a novel by Italian author Italo Calvino, which tells the story of an orphan boy named Cesare who climbs up a tree to escape his adoptive family and lives among the birds, adopting a unique perspective on life and society.
[END CONVERSATION]

Q. Response (1) is longer as compared to Response (2).
 (1) Strongly disagree (2) Disagree (3) Neutral (4) Agree (5) Strongly agree
Respond with a number from 1 to 5 that best matches your response. Do not include extra characters, such as parentheses. Respond only with a number from 1 to 5.<|eot_id|><|start_header_id|>assistant<|end_header_id|>

("
"system
You are a helpful assistant.
user
Please give a one sentence summary of Smilla's Sense of Snow
assistant","1900

8































































































3





1





1

9

1

9

9

9

9

9

9

9

999

9

99999

999999999399393939339333333333333333333333333333333333333333333333333333333333333333333333333333333333333333333333333333333333333333333333333333333333333333333333","Smilla's Sense of Snow is a novel by Peter Høeg about a young girl named Smilla who uses her heightened intuition to solve the mystery surrounding the death of her neighbor in Copenhagen, while navigating the complexities of her own family and the changing seasons.",6_targeted_steer_0.5_paragraph-long_gen.json,Please give a one sentence summary of Smilla's Sense of Snow,Qwen1.5-14B-Chat,paragraph-long,sentence,atp,paragraph-long_eval,paragraph-single_steer,6,targeted,steer,0.5,paragraph-long,"<|begin_of_text|><|start_header_id|>system<|end_header_id|>

Cutting Knowledge Date: December 2023
Today Date: 26 Jul 2024

<|eot_id|><|start_header_id|>user<|end_header_id|>

Read the following conversation between a user and an AI assistant, and answer the following question.

[BEGIN CONVERSATION]
system
You are a helpful assistant.
user
Please give a one sentence summary of Smilla's Sense of Snow
assistant
Response (1): 1900

8































































































3





1





1

9

1

9

9

9

9

9

9

9

999

9

99999

999999999399393939339333333333333333333333333333333333333333333333333333333333333333333333333333333333333333333333333333333333333333333333333333333333333333333333
Response (2): Smilla's Sense of Snow is a novel by Peter Høeg about a young girl named Smilla who uses her heightened intuition to solve the mystery surrounding the death of her neighbor in Copenhagen, while navigating the complexities of her own family and the changing seasons.
[END CONVERSATION]

Q. Response (1) is longer as compared to Response (2).
 (1) Strongly disagree (2) Disagree (3) Neutral (4) Agree (5) Strongly agree
Respond with a number from 1 to 5 that best matches your response. Do not include extra characters, such as parentheses. Respond only with a number from 1 to 5.<|eot_id|><|start_header_id|>assistant<|end_header_id|>

("
"system
You are a helpful assistant.
user
Please give a one sentence summary of Dream of the Red Chamber
assistant","1900

8































































































3











1



1

9

1

9

9

9

9

9

9

9

99

9

999

9999999999999939939393939339333333333333333333333333333333333333333333333333333333333333333333333333333333333333333333333333333333333333333333333333333333333333333","""Dream of the Red Chamber"" is a classic Chinese novel by Cao Xueqin, which tells the story of the decline of two wealthy families through the eyes of the贾宝玉 and 林黛玉, exploring themes of love, wealth, and social hierarchy in 18th-century China.",6_targeted_steer_0.5_paragraph-long_gen.json,Please give a one sentence summary of Dream of the Red Chamber,Qwen1.5-14B-Chat,paragraph-long,sentence,atp,paragraph-long_eval,paragraph-single_steer,6,targeted,steer,0.5,paragraph-long,"<|begin_of_text|><|start_header_id|>system<|end_header_id|>

Cutting Knowledge Date: December 2023
Today Date: 26 Jul 2024

<|eot_id|><|start_header_id|>user<|end_header_id|>

Read the following conversation between a user and an AI assistant, and answer the following question.

[BEGIN CONVERSATION]
system
You are a helpful assistant.
user
Please give a one sentence summary of Dream of the Red Chamber
assistant
Response (1): 1900

8































































































3











1



1

9

1

9

9

9

9

9

9

9

99

9

999

9999999999999939939393939339333333333333333333333333333333333333333333333333333333333333333333333333333333333333333333333333333333333333333333333333333333333333333
Response (2): ""Dream of the Red Chamber"" is a classic Chinese novel by Cao Xueqin, which tells the story of the decline of two wealthy families through the eyes of the贾宝玉 and 林黛玉, exploring themes of love, wealth, and social hierarchy in 18th-century China.
[END CONVERSATION]

Q. Response (1) is longer as compared to Response (2).
 (1) Strongly disagree (2) Disagree (3) Neutral (4) Agree (5) Strongly agree
Respond with a number from 1 to 5 that best matches your response. Do not include extra characters, such as parentheses. Respond only with a number from 1 to 5.<|eot_id|><|start_header_id|>assistant<|end_header_id|>

("
"system
You are a helpful assistant.
user
Please give a one sentence summary of Train to Pakistan
assistant","1，08

9

































































































3









1



1

9

9

9

9

9

9

9

9

9

9

99

99999

99999999393939393333333333333333333333333333333333333333333333333333333333333333333333333333333333333333333333333333333333333333333333333333333333333333333333333","""Train to Pakistan"" is a novel by Khushwant Singh that tells the story of two Indian women from different communities during the partition of India in 1947, as they journey together on a train, facing the chaos and violence of the time.",6_targeted_steer_0.5_paragraph-long_gen.json,Please give a one sentence summary of Train to Pakistan,Qwen1.5-14B-Chat,paragraph-long,sentence,atp,paragraph-long_eval,paragraph-single_steer,6,targeted,steer,0.5,paragraph-long,"<|begin_of_text|><|start_header_id|>system<|end_header_id|>

Cutting Knowledge Date: December 2023
Today Date: 26 Jul 2024

<|eot_id|><|start_header_id|>user<|end_header_id|>

Read the following conversation between a user and an AI assistant, and answer the following question.

[BEGIN CONVERSATION]
system
You are a helpful assistant.
user
Please give a one sentence summary of Train to Pakistan
assistant
Response (1): 1，08

9

































































































3









1



1

9

9

9

9

9

9

9

9

9

9

99

99999

99999999393939393333333333333333333333333333333333333333333333333333333333333333333333333333333333333333333333333333333333333333333333333333333333333333333333333
Response (2): ""Train to Pakistan"" is a novel by Khushwant Singh that tells the story of two Indian women from different communities during the partition of India in 1947, as they journey together on a train, facing the chaos and violence of the time.
[END CONVERSATION]

Q. Response (1) is longer as compared to Response (2).
 (1) Strongly disagree (2) Disagree (3) Neutral (4) Agree (5) Strongly agree
Respond with a number from 1 to 5 that best matches your response. Do not include extra characters, such as parentheses. Respond only with a number from 1 to 5.<|eot_id|><|start_header_id|>assistant<|end_header_id|>

("
"system
You are a helpful assistant.
user
Please give a one sentence summary of Interpreter of Maladies
assistant","1，08

9

































































































3





1



1



1

9

1

9

9

9

9

9

9

9

9

9

99

999

9999993993939339333333333333333333333333333333333333333333333333333333333333333333333333333333333333333333333333333333333333333333333333333333333333333333333333","Interpreter of Maladies is a collection of short stories by Jhumpa Lahiri that explores the lives of Indian immigrants and their children in America, capturing the nuances of cultural displacement and identity.",6_targeted_steer_0.5_paragraph-long_gen.json,Please give a one sentence summary of Interpreter of Maladies,Qwen1.5-14B-Chat,paragraph-long,sentence,atp,paragraph-long_eval,paragraph-single_steer,6,targeted,steer,0.5,paragraph-long,"<|begin_of_text|><|start_header_id|>system<|end_header_id|>

Cutting Knowledge Date: December 2023
Today Date: 26 Jul 2024

<|eot_id|><|start_header_id|>user<|end_header_id|>

Read the following conversation between a user and an AI assistant, and answer the following question.

[BEGIN CONVERSATION]
system
You are a helpful assistant.
user
Please give a one sentence summary of Interpreter of Maladies
assistant
Response (1): 1，08

9

































































































3





1



1



1

9

1

9

9

9

9

9

9

9

9

9

99

999

9999993993939339333333333333333333333333333333333333333333333333333333333333333333333333333333333333333333333333333333333333333333333333333333333333333333333333
Response (2): Interpreter of Maladies is a collection of short stories by Jhumpa Lahiri that explores the lives of Indian immigrants and their children in America, capturing the nuances of cultural displacement and identity.
[END CONVERSATION]

Q. Response (1) is longer as compared to Response (2).
 (1) Strongly disagree (2) Disagree (3) Neutral (4) Agree (5) Strongly agree
Respond with a number from 1 to 5 that best matches your response. Do not include extra characters, such as parentheses. Respond only with a number from 1 to 5.<|eot_id|><|start_header_id|>assistant<|end_header_id|>

("
"system
You are a helpful assistant.
user
Please give a one sentence summary of The Museum of Innocence
assistant","1，90

8





































































































3

















1



1

1



1



9



1

9

9

9

9

9

9

9

9

9

9

99

9

9939

93333333333333333333333333333333333333333333333333333333333333333333333333333333333333333333333333333333333333333333333333333333333333333333333","The Museum of Innocence is a novel by Orhan Pamuk that chronicles the life of a wealthy Istanbul businessman through his collection of objects he gathered to preserve the memories of an unattainable love, reflecting on themes of obsession, loss, and the power of material possessions.",6_targeted_steer_0.5_paragraph-long_gen.json,Please give a one sentence summary of The Museum of Innocence,Qwen1.5-14B-Chat,paragraph-long,sentence,atp,paragraph-long_eval,paragraph-single_steer,6,targeted,steer,0.5,paragraph-long,"<|begin_of_text|><|start_header_id|>system<|end_header_id|>

Cutting Knowledge Date: December 2023
Today Date: 26 Jul 2024

<|eot_id|><|start_header_id|>user<|end_header_id|>

Read the following conversation between a user and an AI assistant, and answer the following question.

[BEGIN CONVERSATION]
system
You are a helpful assistant.
user
Please give a one sentence summary of The Museum of Innocence
assistant
Response (1): 1，90

8





































































































3

















1



1

1



1



9



1

9

9

9

9

9

9

9

9

9

9

99

9

9939

93333333333333333333333333333333333333333333333333333333333333333333333333333333333333333333333333333333333333333333333333333333333333333333333
Response (2): The Museum of Innocence is a novel by Orhan Pamuk that chronicles the life of a wealthy Istanbul businessman through his collection of objects he gathered to preserve the memories of an unattainable love, reflecting on themes of obsession, loss, and the power of material possessions.
[END CONVERSATION]

Q. Response (1) is longer as compared to Response (2).
 (1) Strongly disagree (2) Disagree (3) Neutral (4) Agree (5) Strongly agree
Respond with a number from 1 to 5 that best matches your response. Do not include extra characters, such as parentheses. Respond only with a number from 1 to 5.<|eot_id|><|start_header_id|>assistant<|end_header_id|>

("
"system
You are a helpful assistant.
user
Please give a one sentence summary of The Thin Man
assistant","1，08

9







































































































3















9



9

9

9

9

9

9

9

9

9

9

9

9

9

9

99

99

9939

933933333333333333333333333333333333333333333333333333333333333333333333333333333333333333333333333333333333333333333333333333333333333333333333333","The Thin Man is a classic 1934 film noir mystery that follows Nick Charles, a retired detective, and his wife Nora as they solve a murder case while on a luxurious vacation in New York City.",6_targeted_steer_0.5_paragraph-long_gen.json,Please give a one sentence summary of The Thin Man,Qwen1.5-14B-Chat,paragraph-long,sentence,atp,paragraph-long_eval,paragraph-single_steer,6,targeted,steer,0.5,paragraph-long,"<|begin_of_text|><|start_header_id|>system<|end_header_id|>

Cutting Knowledge Date: December 2023
Today Date: 26 Jul 2024

<|eot_id|><|start_header_id|>user<|end_header_id|>

Read the following conversation between a user and an AI assistant, and answer the following question.

[BEGIN CONVERSATION]
system
You are a helpful assistant.
user
Please give a one sentence summary of The Thin Man
assistant
Response (1): 1，08

9







































































































3















9



9

9

9

9

9

9

9

9

9

9

9

9

9

9

99

99

9939

933933333333333333333333333333333333333333333333333333333333333333333333333333333333333333333333333333333333333333333333333333333333333333333333333
Response (2): The Thin Man is a classic 1934 film noir mystery that follows Nick Charles, a retired detective, and his wife Nora as they solve a murder case while on a luxurious vacation in New York City.
[END CONVERSATION]

Q. Response (1) is longer as compared to Response (2).
 (1) Strongly disagree (2) Disagree (3) Neutral (4) Agree (5) Strongly agree
Respond with a number from 1 to 5 that best matches your response. Do not include extra characters, such as parentheses. Respond only with a number from 1 to 5.<|eot_id|><|start_header_id|>assistant<|end_header_id|>

("
"system
You are a helpful assistant.
user
Please give a one sentence summary of Divergent
assistant","1，08

9



































































































3





















9



9



9



9

9

9

9

9

9

9

9

9

9

9

9

9

9

99

9

939

9339333333333333333333333333333333333333333333333333333333333333333333333333333333333333333333333333333333333333333333333333333333333333333333","Divergent is a young adult dystopian novel where a teenager named Beatrice Prior must choose between her predetermined faction and rebel against the strict society of factions in Chicago, based on personality traits.",6_targeted_steer_0.5_paragraph-long_gen.json,Please give a one sentence summary of Divergent,Qwen1.5-14B-Chat,paragraph-long,sentence,atp,paragraph-long_eval,paragraph-single_steer,6,targeted,steer,0.5,paragraph-long,"<|begin_of_text|><|start_header_id|>system<|end_header_id|>

Cutting Knowledge Date: December 2023
Today Date: 26 Jul 2024

<|eot_id|><|start_header_id|>user<|end_header_id|>

Read the following conversation between a user and an AI assistant, and answer the following question.

[BEGIN CONVERSATION]
system
You are a helpful assistant.
user
Please give a one sentence summary of Divergent
assistant
Response (1): 1，08

9



































































































3





















9



9



9



9

9

9

9

9

9

9

9

9

9

9

9

9

9

99

9

939

9339333333333333333333333333333333333333333333333333333333333333333333333333333333333333333333333333333333333333333333333333333333333333333333
Response (2): Divergent is a young adult dystopian novel where a teenager named Beatrice Prior must choose between her predetermined faction and rebel against the strict society of factions in Chicago, based on personality traits.
[END CONVERSATION]

Q. Response (1) is longer as compared to Response (2).
 (1) Strongly disagree (2) Disagree (3) Neutral (4) Agree (5) Strongly agree
Respond with a number from 1 to 5 that best matches your response. Do not include extra characters, such as parentheses. Respond only with a number from 1 to 5.<|eot_id|><|start_header_id|>assistant<|end_header_id|>

("
"system
You are a helpful assistant.
user
Please give a one sentence summary of Children of Blood and Bone
assistant","1，90

8





































































































3























1



1







9



9



9

9

9

9

9

9

9

9

9

9

9

9

9

9

9

939

933

93333333333333333333333333333333333333333333333333333333333333333333333333333333333333333333333333333333333333333333333333333333333333","Children of Blood and Bone is a young adult fantasy novel by Tomi Adeyemi, set in a fictional African-inspired world, where a young girl named Zélie fights to reclaim her throne and restore magic after it was banned by an oppressive king.",6_targeted_steer_0.5_paragraph-long_gen.json,Please give a one sentence summary of Children of Blood and Bone,Qwen1.5-14B-Chat,paragraph-long,sentence,atp,paragraph-long_eval,paragraph-single_steer,6,targeted,steer,0.5,paragraph-long,"<|begin_of_text|><|start_header_id|>system<|end_header_id|>

Cutting Knowledge Date: December 2023
Today Date: 26 Jul 2024

<|eot_id|><|start_header_id|>user<|end_header_id|>

Read the following conversation between a user and an AI assistant, and answer the following question.

[BEGIN CONVERSATION]
system
You are a helpful assistant.
user
Please give a one sentence summary of Children of Blood and Bone
assistant
Response (1): 1，90

8





































































































3























1



1







9



9



9

9

9

9

9

9

9

9

9

9

9

9

9

9

9

939

933

93333333333333333333333333333333333333333333333333333333333333333333333333333333333333333333333333333333333333333333333333333333333333
Response (2): Children of Blood and Bone is a young adult fantasy novel by Tomi Adeyemi, set in a fictional African-inspired world, where a young girl named Zélie fights to reclaim her throne and restore magic after it was banned by an oppressive king.
[END CONVERSATION]

Q. Response (1) is longer as compared to Response (2).
 (1) Strongly disagree (2) Disagree (3) Neutral (4) Agree (5) Strongly agree
Respond with a number from 1 to 5 that best matches your response. Do not include extra characters, such as parentheses. Respond only with a number from 1 to 5.<|eot_id|><|start_header_id|>assistant<|end_header_id|>

("
"system
You are a helpful assistant.
user
Please give a one sentence summary of A Court of Thorns and Roses
assistant","19000

8





























































































3















9



9

9

9

9

9

9

9

9

9

999

9999

9999999999999999999399393939393933933333333333333333333333333333333333333333333333333333333333333333333333333333333333333333333333333333333333333333333333333333333","A Court of Thorns and Roses is a novel by Sarah J. Maas, set in a mythical world, where a young woman named Feyre learns she must enter the dangerous land of the Night Court to save her kingdom, while navigating love, power, and the complexities of court life.",6_targeted_steer_0.5_paragraph-long_gen.json,Please give a one sentence summary of A Court of Thorns and Roses,Qwen1.5-14B-Chat,paragraph-long,sentence,atp,paragraph-long_eval,paragraph-single_steer,6,targeted,steer,0.5,paragraph-long,"<|begin_of_text|><|start_header_id|>system<|end_header_id|>

Cutting Knowledge Date: December 2023
Today Date: 26 Jul 2024

<|eot_id|><|start_header_id|>user<|end_header_id|>

Read the following conversation between a user and an AI assistant, and answer the following question.

[BEGIN CONVERSATION]
system
You are a helpful assistant.
user
Please give a one sentence summary of A Court of Thorns and Roses
assistant
Response (1): 19000

8





























































































3















9



9

9

9

9

9

9

9

9

9

999

9999

9999999999999999999399393939393933933333333333333333333333333333333333333333333333333333333333333333333333333333333333333333333333333333333333333333333333333333333
Response (2): A Court of Thorns and Roses is a novel by Sarah J. Maas, set in a mythical world, where a young woman named Feyre learns she must enter the dangerous land of the Night Court to save her kingdom, while navigating love, power, and the complexities of court life.
[END CONVERSATION]

Q. Response (1) is longer as compared to Response (2).
 (1) Strongly disagree (2) Disagree (3) Neutral (4) Agree (5) Strongly agree
Respond with a number from 1 to 5 that best matches your response. Do not include extra characters, such as parentheses. Respond only with a number from 1 to 5.<|eot_id|><|start_header_id|>assistant<|end_header_id|>

("
"system
You are a helpful assistant.
user
Please give a one sentence summary of Eleanor Oliphant Is Completely Fine
assistant","19000

8































































































3











1



1

1

1

1

1

1

1

1

11

11

11

11

11

11111311

1131313131313131313313313333333333333333333333333333333333333333333333333333333333333333333333333333333333333333333333333333333333333333333333333333333",Eleanor Oliphant Is Completely Fine is a heartwarming novel about a socially awkward woman named Eleanor who forms unexpected friendships and learns to open up to life after a series of events challenge her solitary existence.,6_targeted_steer_0.5_paragraph-long_gen.json,Please give a one sentence summary of Eleanor Oliphant Is Completely Fine,Qwen1.5-14B-Chat,paragraph-long,sentence,atp,paragraph-long_eval,paragraph-single_steer,6,targeted,steer,0.5,paragraph-long,"<|begin_of_text|><|start_header_id|>system<|end_header_id|>

Cutting Knowledge Date: December 2023
Today Date: 26 Jul 2024

<|eot_id|><|start_header_id|>user<|end_header_id|>

Read the following conversation between a user and an AI assistant, and answer the following question.

[BEGIN CONVERSATION]
system
You are a helpful assistant.
user
Please give a one sentence summary of Eleanor Oliphant Is Completely Fine
assistant
Response (1): 19000

8































































































3











1



1

1

1

1

1

1

1

1

11

11

11

11

11

11111311

1131313131313131313313313333333333333333333333333333333333333333333333333333333333333333333333333333333333333333333333333333333333333333333333333333333
Response (2): Eleanor Oliphant Is Completely Fine is a heartwarming novel about a socially awkward woman named Eleanor who forms unexpected friendships and learns to open up to life after a series of events challenge her solitary existence.
[END CONVERSATION]

Q. Response (1) is longer as compared to Response (2).
 (1) Strongly disagree (2) Disagree (3) Neutral (4) Agree (5) Strongly agree
Respond with a number from 1 to 5 that best matches your response. Do not include extra characters, such as parentheses. Respond only with a number from 1 to 5.<|eot_id|><|start_header_id|>assistant<|end_header_id|>

("
"system
You are a helpful assistant.
user
Please give a one sentence summary of A Tree Grows in Brooklyn
assistant","1900

8

































































































3



1









1

1

1

1

1

1

9

19

19

19

9

9

9

9999

99999999939393933333333333333333333333333333333333333333333333333333333333333333333333333333333333333333333333333333333333333333333333333333333333333333333333","""A Tree Grows in Brooklyn"" is a novel by Betty Smith, which chronicles the life of an impoverished young girl named Francie Nolan growing up in turn-of-the-century Brooklyn, as she navigates family struggles, dreams, and the power of resilience against the backdrop of a changing world.",6_targeted_steer_0.5_paragraph-long_gen.json,Please give a one sentence summary of A Tree Grows in Brooklyn,Qwen1.5-14B-Chat,paragraph-long,sentence,atp,paragraph-long_eval,paragraph-single_steer,6,targeted,steer,0.5,paragraph-long,"<|begin_of_text|><|start_header_id|>system<|end_header_id|>

Cutting Knowledge Date: December 2023
Today Date: 26 Jul 2024

<|eot_id|><|start_header_id|>user<|end_header_id|>

Read the following conversation between a user and an AI assistant, and answer the following question.

[BEGIN CONVERSATION]
system
You are a helpful assistant.
user
Please give a one sentence summary of A Tree Grows in Brooklyn
assistant
Response (1): 1900

8

































































































3



1









1

1

1

1

1

1

9

19

19

19

9

9

9

9999

99999999939393933333333333333333333333333333333333333333333333333333333333333333333333333333333333333333333333333333333333333333333333333333333333333333333333
Response (2): ""A Tree Grows in Brooklyn"" is a novel by Betty Smith, which chronicles the life of an impoverished young girl named Francie Nolan growing up in turn-of-the-century Brooklyn, as she navigates family struggles, dreams, and the power of resilience against the backdrop of a changing world.
[END CONVERSATION]

Q. Response (1) is longer as compared to Response (2).
 (1) Strongly disagree (2) Disagree (3) Neutral (4) Agree (5) Strongly agree
Respond with a number from 1 to 5 that best matches your response. Do not include extra characters, such as parentheses. Respond only with a number from 1 to 5.<|eot_id|><|start_header_id|>assistant<|end_header_id|>

("
"system
You are a helpful assistant.
user
Please give a one sentence summary of Zorba the Greek
assistant","1900

8































































































3











1



1

9

1

9

9

9

9

9

9

9

99

9

9999

999999999399393939339333333333333333333333333333333333333333333333333333333333333333333333333333333333333333333333333333333333333333333333333333333333333333333333","Zorba the Greek is a novel by Nikos Kazantzakis that follows the life of a Greek man named Zorba, who embodies the spirit of the country's resilience and experiences the full spectrum of life, from hardship to joy, in a remote Greek village.",6_targeted_steer_0.5_paragraph-long_gen.json,Please give a one sentence summary of Zorba the Greek,Qwen1.5-14B-Chat,paragraph-long,sentence,atp,paragraph-long_eval,paragraph-single_steer,6,targeted,steer,0.5,paragraph-long,"<|begin_of_text|><|start_header_id|>system<|end_header_id|>

Cutting Knowledge Date: December 2023
Today Date: 26 Jul 2024

<|eot_id|><|start_header_id|>user<|end_header_id|>

Read the following conversation between a user and an AI assistant, and answer the following question.

[BEGIN CONVERSATION]
system
You are a helpful assistant.
user
Please give a one sentence summary of Zorba the Greek
assistant
Response (1): 1900

8































































































3











1



1

9

1

9

9

9

9

9

9

9

99

9

9999

999999999399393939339333333333333333333333333333333333333333333333333333333333333333333333333333333333333333333333333333333333333333333333333333333333333333333333
Response (2): Zorba the Greek is a novel by Nikos Kazantzakis that follows the life of a Greek man named Zorba, who embodies the spirit of the country's resilience and experiences the full spectrum of life, from hardship to joy, in a remote Greek village.
[END CONVERSATION]

Q. Response (1) is longer as compared to Response (2).
 (1) Strongly disagree (2) Disagree (3) Neutral (4) Agree (5) Strongly agree
Respond with a number from 1 to 5 that best matches your response. Do not include extra characters, such as parentheses. Respond only with a number from 1 to 5.<|eot_id|><|start_header_id|>assistant<|end_header_id|>

("
"system
You are a helpful assistant.
user
Please give a one sentence summary of The Nightingale
assistant","1，08

9





































































































3

















9



9



9



9

9

9

9

9

9

9

9

9

9

9

9

9

9

9

99

9

939

933393333333333333333333333333333333333333333333333333333333333333333333333333333333333333333333333333333333333333333333333333333333333333333","The Nightingale is a novel by Kristin Hannah that tells the story of two sisters in France during World War II, one of whom becomes involved in the resistance while the other struggles with the weight of Nazi occupation and family secrets.",6_targeted_steer_0.5_paragraph-long_gen.json,Please give a one sentence summary of The Nightingale,Qwen1.5-14B-Chat,paragraph-long,sentence,atp,paragraph-long_eval,paragraph-single_steer,6,targeted,steer,0.5,paragraph-long,"<|begin_of_text|><|start_header_id|>system<|end_header_id|>

Cutting Knowledge Date: December 2023
Today Date: 26 Jul 2024

<|eot_id|><|start_header_id|>user<|end_header_id|>

Read the following conversation between a user and an AI assistant, and answer the following question.

[BEGIN CONVERSATION]
system
You are a helpful assistant.
user
Please give a one sentence summary of The Nightingale
assistant
Response (1): 1，08

9





































































































3

















9



9



9



9

9

9

9

9

9

9

9

9

9

9

9

9

9

9

99

9

939

933393333333333333333333333333333333333333333333333333333333333333333333333333333333333333333333333333333333333333333333333333333333333333333
Response (2): The Nightingale is a novel by Kristin Hannah that tells the story of two sisters in France during World War II, one of whom becomes involved in the resistance while the other struggles with the weight of Nazi occupation and family secrets.
[END CONVERSATION]

Q. Response (1) is longer as compared to Response (2).
 (1) Strongly disagree (2) Disagree (3) Neutral (4) Agree (5) Strongly agree
Respond with a number from 1 to 5 that best matches your response. Do not include extra characters, such as parentheses. Respond only with a number from 1 to 5.<|eot_id|><|start_header_id|>assistant<|end_header_id|>

("
"system
You are a helpful assistant.
user
Please give a one sentence summary of Life After Life
assistant","1，08

9



































































































3



















9



9



9

9

9

9

9

9

9

9

9

9

9

9

9

99

9999

9939

933933333333333333333333333333333333333333333333333333333333333333333333333333333333333333333333333333333333333333333333333333333333333333333333","Life After Life is a novel by Kate Atkinson that follows the interconnected lives of a woman named Ursula Todd, who experiences the same events and choices multiple times, exploring the themes of destiny, love, and the impact of our actions on life's outcomes.",6_targeted_steer_0.5_paragraph-long_gen.json,Please give a one sentence summary of Life After Life,Qwen1.5-14B-Chat,paragraph-long,sentence,atp,paragraph-long_eval,paragraph-single_steer,6,targeted,steer,0.5,paragraph-long,"<|begin_of_text|><|start_header_id|>system<|end_header_id|>

Cutting Knowledge Date: December 2023
Today Date: 26 Jul 2024

<|eot_id|><|start_header_id|>user<|end_header_id|>

Read the following conversation between a user and an AI assistant, and answer the following question.

[BEGIN CONVERSATION]
system
You are a helpful assistant.
user
Please give a one sentence summary of Life After Life
assistant
Response (1): 1，08

9



































































































3



















9



9



9

9

9

9

9

9

9

9

9

9

9

9

9

99

9999

9939

933933333333333333333333333333333333333333333333333333333333333333333333333333333333333333333333333333333333333333333333333333333333333333333333
Response (2): Life After Life is a novel by Kate Atkinson that follows the interconnected lives of a woman named Ursula Todd, who experiences the same events and choices multiple times, exploring the themes of destiny, love, and the impact of our actions on life's outcomes.
[END CONVERSATION]

Q. Response (1) is longer as compared to Response (2).
 (1) Strongly disagree (2) Disagree (3) Neutral (4) Agree (5) Strongly agree
Respond with a number from 1 to 5 that best matches your response. Do not include extra characters, such as parentheses. Respond only with a number from 1 to 5.<|eot_id|><|start_header_id|>assistant<|end_header_id|>

("
"system
You are a helpful assistant.
user
Please give a one sentence summary of World Without End
assistant","1，08

9



































































































3



















9



1

9

9



9

9

9

9

9

9

9

9

9

9

9

99

9

9939

939393333333333333333333333333333333333333333333333333333333333333333333333333333333333333333333333333333333333333333333333333333333333333333333333","""World Without End"" is a novel by Ken Follett that follows the lives of two families, the Duchannes and the Cambray, through generations, set against the backdrop of historical events in Europe from the Middle Ages to the present day.",6_targeted_steer_0.5_paragraph-long_gen.json,Please give a one sentence summary of World Without End,Qwen1.5-14B-Chat,paragraph-long,sentence,atp,paragraph-long_eval,paragraph-single_steer,6,targeted,steer,0.5,paragraph-long,"<|begin_of_text|><|start_header_id|>system<|end_header_id|>

Cutting Knowledge Date: December 2023
Today Date: 26 Jul 2024

<|eot_id|><|start_header_id|>user<|end_header_id|>

Read the following conversation between a user and an AI assistant, and answer the following question.

[BEGIN CONVERSATION]
system
You are a helpful assistant.
user
Please give a one sentence summary of World Without End
assistant
Response (1): 1，08

9



































































































3



















9



1

9

9



9

9

9

9

9

9

9

9

9

9

9

99

9

9939

939393333333333333333333333333333333333333333333333333333333333333333333333333333333333333333333333333333333333333333333333333333333333333333333333
Response (2): ""World Without End"" is a novel by Ken Follett that follows the lives of two families, the Duchannes and the Cambray, through generations, set against the backdrop of historical events in Europe from the Middle Ages to the present day.
[END CONVERSATION]

Q. Response (1) is longer as compared to Response (2).
 (1) Strongly disagree (2) Disagree (3) Neutral (4) Agree (5) Strongly agree
Respond with a number from 1 to 5 that best matches your response. Do not include extra characters, such as parentheses. Respond only with a number from 1 to 5.<|eot_id|><|start_header_id|>assistant<|end_header_id|>

("
"system
You are a helpful assistant.
user
Please give a one sentence summary of James and the Giant Peach
assistant","1，90

8





































































































3



















1





1







1



1



1

9



9

9

9

9

9

9

9

9

9

9

9

9

9

939

933

93333333333333333333333333333333333333333333333333333333333333333333333333333333333333333333333333333333333333333333333333333333333333",James and the Giant Peach is a novel by Roald Dahl about a young boy who befriends a giant peach and embarks on an adventure across the ocean with its magical inhabitants to escape his evil aunt and uncle.,6_targeted_steer_0.5_paragraph-long_gen.json,Please give a one sentence summary of James and the Giant Peach,Qwen1.5-14B-Chat,paragraph-long,sentence,atp,paragraph-long_eval,paragraph-single_steer,6,targeted,steer,0.5,paragraph-long,"<|begin_of_text|><|start_header_id|>system<|end_header_id|>

Cutting Knowledge Date: December 2023
Today Date: 26 Jul 2024

<|eot_id|><|start_header_id|>user<|end_header_id|>

Read the following conversation between a user and an AI assistant, and answer the following question.

[BEGIN CONVERSATION]
system
You are a helpful assistant.
user
Please give a one sentence summary of James and the Giant Peach
assistant
Response (1): 1，90

8





































































































3



















1





1







1



1



1

9



9

9

9

9

9

9

9

9

9

9

9

9

9

939

933

93333333333333333333333333333333333333333333333333333333333333333333333333333333333333333333333333333333333333333333333333333333333333
Response (2): James and the Giant Peach is a novel by Roald Dahl about a young boy who befriends a giant peach and embarks on an adventure across the ocean with its magical inhabitants to escape his evil aunt and uncle.
[END CONVERSATION]

Q. Response (1) is longer as compared to Response (2).
 (1) Strongly disagree (2) Disagree (3) Neutral (4) Agree (5) Strongly agree
Respond with a number from 1 to 5 that best matches your response. Do not include extra characters, such as parentheses. Respond only with a number from 1 to 5.<|eot_id|><|start_header_id|>assistant<|end_header_id|>

("
"system
You are a helpful assistant.
user
Please give a one sentence summary of A Desolation Called Peace
assistant","1900

8































































































3





1



1



1

1

1

1

1

1

1

11

11

11

11

11

1111111111111111111111111111111111111111111111111111111111111111111111111111111111111111111111111111111111111111111111111111111113131313131313131313131313131313131","""A Desolation Called Peace"" is a novel by Joe Abercrombie, which follows the intertwined stories of political intrigue, war, and personal growth in the world of the First Law series, as characters navigate the aftermath of a devastating conflict between nations.",6_targeted_steer_0.5_paragraph-long_gen.json,Please give a one sentence summary of A Desolation Called Peace,Qwen1.5-14B-Chat,paragraph-long,sentence,atp,paragraph-long_eval,paragraph-single_steer,6,targeted,steer,0.5,paragraph-long,"<|begin_of_text|><|start_header_id|>system<|end_header_id|>

Cutting Knowledge Date: December 2023
Today Date: 26 Jul 2024

<|eot_id|><|start_header_id|>user<|end_header_id|>

Read the following conversation between a user and an AI assistant, and answer the following question.

[BEGIN CONVERSATION]
system
You are a helpful assistant.
user
Please give a one sentence summary of A Desolation Called Peace
assistant
Response (1): 1900

8































































































3





1



1



1

1

1

1

1

1

1

11

11

11

11

11

1111111111111111111111111111111111111111111111111111111111111111111111111111111111111111111111111111111111111111111111111111111113131313131313131313131313131313131
Response (2): ""A Desolation Called Peace"" is a novel by Joe Abercrombie, which follows the intertwined stories of political intrigue, war, and personal growth in the world of the First Law series, as characters navigate the aftermath of a devastating conflict between nations.
[END CONVERSATION]

Q. Response (1) is longer as compared to Response (2).
 (1) Strongly disagree (2) Disagree (3) Neutral (4) Agree (5) Strongly agree
Respond with a number from 1 to 5 that best matches your response. Do not include extra characters, such as parentheses. Respond only with a number from 1 to 5.<|eot_id|><|start_header_id|>assistant<|end_header_id|>

("
"system
You are a helpful assistant.
user
Please give a one sentence summary of The Year of the Flood
assistant","1，08

9









































































































3























1









9



9

9

9

9

9

9

9

9

9

9

9

9

9

9

9

99

9993

933

9333333333333333333333333333333333333333333333333333333333333333333333333333333333333333333333333333333333333333333333333333333333333","""The Year of the Flood"" is a novel by Margaret Atwood that follows the intertwined stories of two women living in a dystopian future where climate change has led to devastating consequences, exploring themes of survival, resilience, and the power of human connection.",6_targeted_steer_0.5_paragraph-long_gen.json,Please give a one sentence summary of The Year of the Flood,Qwen1.5-14B-Chat,paragraph-long,sentence,atp,paragraph-long_eval,paragraph-single_steer,6,targeted,steer,0.5,paragraph-long,"<|begin_of_text|><|start_header_id|>system<|end_header_id|>

Cutting Knowledge Date: December 2023
Today Date: 26 Jul 2024

<|eot_id|><|start_header_id|>user<|end_header_id|>

Read the following conversation between a user and an AI assistant, and answer the following question.

[BEGIN CONVERSATION]
system
You are a helpful assistant.
user
Please give a one sentence summary of The Year of the Flood
assistant
Response (1): 1，08

9









































































































3























1









9



9

9

9

9

9

9

9

9

9

9

9

9

9

9

9

99

9993

933

9333333333333333333333333333333333333333333333333333333333333333333333333333333333333333333333333333333333333333333333333333333333333
Response (2): ""The Year of the Flood"" is a novel by Margaret Atwood that follows the intertwined stories of two women living in a dystopian future where climate change has led to devastating consequences, exploring themes of survival, resilience, and the power of human connection.
[END CONVERSATION]

Q. Response (1) is longer as compared to Response (2).
 (1) Strongly disagree (2) Disagree (3) Neutral (4) Agree (5) Strongly agree
Respond with a number from 1 to 5 that best matches your response. Do not include extra characters, such as parentheses. Respond only with a number from 1 to 5.<|eot_id|><|start_header_id|>assistant<|end_header_id|>

("
"system
You are a helpful assistant.
user
Please give a one sentence summary of The Memory Police
assistant","1，08

9

































































































3











9



9

9

9

9

9

9

9

9

9

9

9

9

99

9999

999999393939393333333333333333333333333333333333333333333333333333333333333333333333333333333333333333333333333333333333333333333333333333333333333333333333333","The Memory Police is a novel by Japanese author Yoko Ogawa, set in a dystopian society where a totalitarian regime controls and deletes memories to maintain power, as a detective investigates the mysterious ""忘却病"" that challenges their control.",6_targeted_steer_0.5_paragraph-long_gen.json,Please give a one sentence summary of The Memory Police,Qwen1.5-14B-Chat,paragraph-long,sentence,atp,paragraph-long_eval,paragraph-single_steer,6,targeted,steer,0.5,paragraph-long,"<|begin_of_text|><|start_header_id|>system<|end_header_id|>

Cutting Knowledge Date: December 2023
Today Date: 26 Jul 2024

<|eot_id|><|start_header_id|>user<|end_header_id|>

Read the following conversation between a user and an AI assistant, and answer the following question.

[BEGIN CONVERSATION]
system
You are a helpful assistant.
user
Please give a one sentence summary of The Memory Police
assistant
Response (1): 1，08

9

































































































3











9



9

9

9

9

9

9

9

9

9

9

9

9

99

9999

999999393939393333333333333333333333333333333333333333333333333333333333333333333333333333333333333333333333333333333333333333333333333333333333333333333333333
Response (2): The Memory Police is a novel by Japanese author Yoko Ogawa, set in a dystopian society where a totalitarian regime controls and deletes memories to maintain power, as a detective investigates the mysterious ""忘却病"" that challenges their control.
[END CONVERSATION]

Q. Response (1) is longer as compared to Response (2).
 (1) Strongly disagree (2) Disagree (3) Neutral (4) Agree (5) Strongly agree
Respond with a number from 1 to 5 that best matches your response. Do not include extra characters, such as parentheses. Respond only with a number from 1 to 5.<|eot_id|><|start_header_id|>assistant<|end_header_id|>

("
"system
You are a helpful assistant.
user
Please give a one sentence summary of Erewhon
assistant","1，08

9

































































































3





















1



1



9



1



9

9

9

9

9

9

9

9

9

9

9

9

99

9

9939

93393333333333333333333333333333333333333333333333333333333333333333333333333333333333333333333333333333333333333333333333333333333333333333333","Erewhon is a novel by Samuel Butler that satirizes Victorian society and explores utopian ideals, as the protagonist travels to a fictional perfect community whose name is an anagram of ""nowhere,"" revealing its eventual disillusionment.",6_targeted_steer_0.5_paragraph-long_gen.json,Please give a one sentence summary of Erewhon,Qwen1.5-14B-Chat,paragraph-long,sentence,atp,paragraph-long_eval,paragraph-single_steer,6,targeted,steer,0.5,paragraph-long,"<|begin_of_text|><|start_header_id|>system<|end_header_id|>

Cutting Knowledge Date: December 2023
Today Date: 26 Jul 2024

<|eot_id|><|start_header_id|>user<|end_header_id|>

Read the following conversation between a user and an AI assistant, and answer the following question.

[BEGIN CONVERSATION]
system
You are a helpful assistant.
user
Please give a one sentence summary of Erewhon
assistant
Response (1): 1，08

9

































































































3





















1



1



9



1



9

9

9

9

9

9

9

9

9

9

9

9

99

9

9939

93393333333333333333333333333333333333333333333333333333333333333333333333333333333333333333333333333333333333333333333333333333333333333333333
Response (2): Erewhon is a novel by Samuel Butler that satirizes Victorian society and explores utopian ideals, as the protagonist travels to a fictional perfect community whose name is an anagram of ""nowhere,"" revealing its eventual disillusionment.
[END CONVERSATION]

Q. Response (1) is longer as compared to Response (2).
 (1) Strongly disagree (2) Disagree (3) Neutral (4) Agree (5) Strongly agree
Respond with a number from 1 to 5 that best matches your response. Do not include extra characters, such as parentheses. Respond only with a number from 1 to 5.<|eot_id|><|start_header_id|>assistant<|end_header_id|>

("
"system
You are a helpful assistant.
user
Please give a one sentence summary of Fatelessness
assistant","1900

8





















































































3













1



1



9



9

9

9

9

9

9

9

9

99

9

9999

9939

939393393333333333333333333333333333333333333333333333333333333333333333333333333333333333333333333333333333333333333333333333333333333333333333333333333333333","""Fatelessness"" is a novel by Imre Kertész, which chronicles the disillusionment and personal growth of a young Jewish boy during World War II as he tries to navigate the horrors of the Holocaust and the loss of his innocence.",6_targeted_steer_0.5_paragraph-long_gen.json,Please give a one sentence summary of Fatelessness,Qwen1.5-14B-Chat,paragraph-long,sentence,atp,paragraph-long_eval,paragraph-single_steer,6,targeted,steer,0.5,paragraph-long,"<|begin_of_text|><|start_header_id|>system<|end_header_id|>

Cutting Knowledge Date: December 2023
Today Date: 26 Jul 2024

<|eot_id|><|start_header_id|>user<|end_header_id|>

Read the following conversation between a user and an AI assistant, and answer the following question.

[BEGIN CONVERSATION]
system
You are a helpful assistant.
user
Please give a one sentence summary of Fatelessness
assistant
Response (1): 1900

8





















































































3













1



1



9



9

9

9

9

9

9

9

9

99

9

9999

9939

939393393333333333333333333333333333333333333333333333333333333333333333333333333333333333333333333333333333333333333333333333333333333333333333333333333333333
Response (2): ""Fatelessness"" is a novel by Imre Kertész, which chronicles the disillusionment and personal growth of a young Jewish boy during World War II as he tries to navigate the horrors of the Holocaust and the loss of his innocence.
[END CONVERSATION]

Q. Response (1) is longer as compared to Response (2).
 (1) Strongly disagree (2) Disagree (3) Neutral (4) Agree (5) Strongly agree
Respond with a number from 1 to 5 that best matches your response. Do not include extra characters, such as parentheses. Respond only with a number from 1 to 5.<|eot_id|><|start_header_id|>assistant<|end_header_id|>

("
"system
You are a helpful assistant.
user
Please give a one sentence summary of The Good Soldier Švejk
assistant","1900

8







































































































3







9



9

9

9

9

9

9

9

9

9

9

9

99

99

99999

999999993993939393393333333333333333333333333333333333333333333333333333333333333333333333333333333333333333333333333333333333333333333333333333333333333333","""The Good Soldier Švejk is a satirical novel by Jaroslav Hašek, following the adventures of a Czech soldier during World War I who remains unflappable and subversive, providing comic relief amidst the chaos and disillusionment of the conflict.""",6_targeted_steer_0.5_paragraph-long_gen.json,Please give a one sentence summary of The Good Soldier Švejk,Qwen1.5-14B-Chat,paragraph-long,sentence,atp,paragraph-long_eval,paragraph-single_steer,6,targeted,steer,0.5,paragraph-long,"<|begin_of_text|><|start_header_id|>system<|end_header_id|>

Cutting Knowledge Date: December 2023
Today Date: 26 Jul 2024

<|eot_id|><|start_header_id|>user<|end_header_id|>

Read the following conversation between a user and an AI assistant, and answer the following question.

[BEGIN CONVERSATION]
system
You are a helpful assistant.
user
Please give a one sentence summary of The Good Soldier Švejk
assistant
Response (1): 1900

8







































































































3







9



9

9

9

9

9

9

9

9

9

9

9

99

99

99999

999999993993939393393333333333333333333333333333333333333333333333333333333333333333333333333333333333333333333333333333333333333333333333333333333333333333
Response (2): ""The Good Soldier Švejk is a satirical novel by Jaroslav Hašek, following the adventures of a Czech soldier during World War I who remains unflappable and subversive, providing comic relief amidst the chaos and disillusionment of the conflict.""
[END CONVERSATION]

Q. Response (1) is longer as compared to Response (2).
 (1) Strongly disagree (2) Disagree (3) Neutral (4) Agree (5) Strongly agree
Respond with a number from 1 to 5 that best matches your response. Do not include extra characters, such as parentheses. Respond only with a number from 1 to 5.<|eot_id|><|start_header_id|>assistant<|end_header_id|>

("
"system
You are a helpful assistant.
user
Please give a one sentence summary of The Discovery of Heaven
assistant","1，08

9



































































































3



















9





9



9



9

9

9

9

9

9

9

9

9

9

9

9

9

9

999

9939

9333933333333333333333333333333333333333333333333333333333333333333333333333333333333333333333333333333333333333333333333333333333333333333333","""The Discovery of Heaven"" is a philosophical novel by John Milton, in which the protagonist, after a series of trials and visions, contemplates the nature of God, good, and the afterlife, ultimately finding solace and understanding in the Christian concept of heaven as a place of eternal happiness and divine love.",6_targeted_steer_0.5_paragraph-long_gen.json,Please give a one sentence summary of The Discovery of Heaven,Qwen1.5-14B-Chat,paragraph-long,sentence,atp,paragraph-long_eval,paragraph-single_steer,6,targeted,steer,0.5,paragraph-long,"<|begin_of_text|><|start_header_id|>system<|end_header_id|>

Cutting Knowledge Date: December 2023
Today Date: 26 Jul 2024

<|eot_id|><|start_header_id|>user<|end_header_id|>

Read the following conversation between a user and an AI assistant, and answer the following question.

[BEGIN CONVERSATION]
system
You are a helpful assistant.
user
Please give a one sentence summary of The Discovery of Heaven
assistant
Response (1): 1，08

9



































































































3



















9





9



9



9

9

9

9

9

9

9

9

9

9

9

9

9

9

999

9939

9333933333333333333333333333333333333333333333333333333333333333333333333333333333333333333333333333333333333333333333333333333333333333333333
Response (2): ""The Discovery of Heaven"" is a philosophical novel by John Milton, in which the protagonist, after a series of trials and visions, contemplates the nature of God, good, and the afterlife, ultimately finding solace and understanding in the Christian concept of heaven as a place of eternal happiness and divine love.
[END CONVERSATION]

Q. Response (1) is longer as compared to Response (2).
 (1) Strongly disagree (2) Disagree (3) Neutral (4) Agree (5) Strongly agree
Respond with a number from 1 to 5 that best matches your response. Do not include extra characters, such as parentheses. Respond only with a number from 1 to 5.<|eot_id|><|start_header_id|>assistant<|end_header_id|>

("
"system
You are a helpful assistant.
user
Please give a one sentence summary of Women in Love
assistant","1，08

9



































































































3

















9



9

9

9

9

9

9

9

9

9

9

9

9

9

9

999

999999

9939939393333333333333333333333333333333333333333333333333333333333333333333333333333333333333333333333333333333333333333333333333333333333333333333","Women in Love is a novel by D.H. Lawrence that explores the complex relationships and emotional entanglements between two couples in the English countryside, delving into themes of love, jealousy, and the struggle for personal fulfillment.",6_targeted_steer_0.5_paragraph-long_gen.json,Please give a one sentence summary of Women in Love,Qwen1.5-14B-Chat,paragraph-long,sentence,atp,paragraph-long_eval,paragraph-single_steer,6,targeted,steer,0.5,paragraph-long,"<|begin_of_text|><|start_header_id|>system<|end_header_id|>

Cutting Knowledge Date: December 2023
Today Date: 26 Jul 2024

<|eot_id|><|start_header_id|>user<|end_header_id|>

Read the following conversation between a user and an AI assistant, and answer the following question.

[BEGIN CONVERSATION]
system
You are a helpful assistant.
user
Please give a one sentence summary of Women in Love
assistant
Response (1): 1，08

9



































































































3

















9



9

9

9

9

9

9

9

9

9

9

9

9

9

9

999

999999

9939939393333333333333333333333333333333333333333333333333333333333333333333333333333333333333333333333333333333333333333333333333333333333333333333
Response (2): Women in Love is a novel by D.H. Lawrence that explores the complex relationships and emotional entanglements between two couples in the English countryside, delving into themes of love, jealousy, and the struggle for personal fulfillment.
[END CONVERSATION]

Q. Response (1) is longer as compared to Response (2).
 (1) Strongly disagree (2) Disagree (3) Neutral (4) Agree (5) Strongly agree
Respond with a number from 1 to 5 that best matches your response. Do not include extra characters, such as parentheses. Respond only with a number from 1 to 5.<|eot_id|><|start_header_id|>assistant<|end_header_id|>

("
"system
You are a helpful assistant.
user
Please give a one sentence summary of Winesburg, Ohio
assistant","1900

8

































































































3















1



1

1

1

1

1

1

9

1

9

9

9

9

9

99

9999

99999999939393933333333333333333333333333333333333333333333333333333333333333333333333333333333333333333333333333333333333333333333333333333333333333333333","Winesburg, Ohio, is a collection of interconnected short stories by Sherwood Anderson that offer a vivid portrayal of small-town life in early 20th-century America, exploring themes of loneliness, personal growth, and the human condition.",6_targeted_steer_0.5_paragraph-long_gen.json,"Please give a one sentence summary of Winesburg, Ohio",Qwen1.5-14B-Chat,paragraph-long,sentence,atp,paragraph-long_eval,paragraph-single_steer,6,targeted,steer,0.5,paragraph-long,"<|begin_of_text|><|start_header_id|>system<|end_header_id|>

Cutting Knowledge Date: December 2023
Today Date: 26 Jul 2024

<|eot_id|><|start_header_id|>user<|end_header_id|>

Read the following conversation between a user and an AI assistant, and answer the following question.

[BEGIN CONVERSATION]
system
You are a helpful assistant.
user
Please give a one sentence summary of Winesburg, Ohio
assistant
Response (1): 1900

8

































































































3















1



1

1

1

1

1

1

9

1

9

9

9

9

9

99

9999

99999999939393933333333333333333333333333333333333333333333333333333333333333333333333333333333333333333333333333333333333333333333333333333333333333333333
Response (2): Winesburg, Ohio, is a collection of interconnected short stories by Sherwood Anderson that offer a vivid portrayal of small-town life in early 20th-century America, exploring themes of loneliness, personal growth, and the human condition.
[END CONVERSATION]

Q. Response (1) is longer as compared to Response (2).
 (1) Strongly disagree (2) Disagree (3) Neutral (4) Agree (5) Strongly agree
Respond with a number from 1 to 5 that best matches your response. Do not include extra characters, such as parentheses. Respond only with a number from 1 to 5.<|eot_id|><|start_header_id|>assistant<|end_header_id|>

("
"system
You are a helpful assistant.
user
Please give a one sentence summary of The First Man
assistant","1，08

9



































































































3





















1





1



1





1

9

9

9

9

9

9

9

9

9

9

9

9

99

9

9939

933393333333333333333333333333333333333333333333333333333333333333333333333333333333333333333333333333333333333333333333333333333333333333333","""The First Man"" is a biographical drama film that chronicles the early life of Neil Armstrong, focusing on his journey from being a NASA engineer to becoming the first man to walk on the moon.",6_targeted_steer_0.5_paragraph-long_gen.json,Please give a one sentence summary of The First Man,Qwen1.5-14B-Chat,paragraph-long,sentence,atp,paragraph-long_eval,paragraph-single_steer,6,targeted,steer,0.5,paragraph-long,"<|begin_of_text|><|start_header_id|>system<|end_header_id|>

Cutting Knowledge Date: December 2023
Today Date: 26 Jul 2024

<|eot_id|><|start_header_id|>user<|end_header_id|>

Read the following conversation between a user and an AI assistant, and answer the following question.

[BEGIN CONVERSATION]
system
You are a helpful assistant.
user
Please give a one sentence summary of The First Man
assistant
Response (1): 1，08

9



































































































3





















1





1



1





1

9

9

9

9

9

9

9

9

9

9

9

9

99

9

9939

933393333333333333333333333333333333333333333333333333333333333333333333333333333333333333333333333333333333333333333333333333333333333333333
Response (2): ""The First Man"" is a biographical drama film that chronicles the early life of Neil Armstrong, focusing on his journey from being a NASA engineer to becoming the first man to walk on the moon.
[END CONVERSATION]

Q. Response (1) is longer as compared to Response (2).
 (1) Strongly disagree (2) Disagree (3) Neutral (4) Agree (5) Strongly agree
Respond with a number from 1 to 5 that best matches your response. Do not include extra characters, such as parentheses. Respond only with a number from 1 to 5.<|eot_id|><|start_header_id|>assistant<|end_header_id|>

("
"system
You are a helpful assistant.
user
Please give a one sentence summary of Time Regained
assistant","1，08

9

































































































3



















9



9

9

9

9

9

9

9

9

9

9

9

9

9

9

9

99

9939

93939333333333333333333333333333333333333333333333333333333333333333333333333333333333333333333333333333333333333333333333333333333333333333333333333","Time Regained, by Marcel Proust, is a novel that follows the protagonist's journey through time, as he recovers lost memories and reflects on his past, ultimately finding redemption and a deeper understanding of life.",6_targeted_steer_0.5_paragraph-long_gen.json,Please give a one sentence summary of Time Regained,Qwen1.5-14B-Chat,paragraph-long,sentence,atp,paragraph-long_eval,paragraph-single_steer,6,targeted,steer,0.5,paragraph-long,"<|begin_of_text|><|start_header_id|>system<|end_header_id|>

Cutting Knowledge Date: December 2023
Today Date: 26 Jul 2024

<|eot_id|><|start_header_id|>user<|end_header_id|>

Read the following conversation between a user and an AI assistant, and answer the following question.

[BEGIN CONVERSATION]
system
You are a helpful assistant.
user
Please give a one sentence summary of Time Regained
assistant
Response (1): 1，08

9

































































































3



















9



9

9

9

9

9

9

9

9

9

9

9

9

9

9

9

99

9939

93939333333333333333333333333333333333333333333333333333333333333333333333333333333333333333333333333333333333333333333333333333333333333333333333333
Response (2): Time Regained, by Marcel Proust, is a novel that follows the protagonist's journey through time, as he recovers lost memories and reflects on his past, ultimately finding redemption and a deeper understanding of life.
[END CONVERSATION]

Q. Response (1) is longer as compared to Response (2).
 (1) Strongly disagree (2) Disagree (3) Neutral (4) Agree (5) Strongly agree
Respond with a number from 1 to 5 that best matches your response. Do not include extra characters, such as parentheses. Respond only with a number from 1 to 5.<|eot_id|><|start_header_id|>assistant<|end_header_id|>

("
"system
You are a helpful assistant.
user
Please give a one sentence summary of Revolutionary Road
assistant","1，08

9



































































































3























9



9

9

9

9

9

9

9

9

9

9

9

9

9

9

99

9

9939

93393333333333333333333333333333333333333333333333333333333333333333333333333333333333333333333333333333333333333333333333333333333333333333333333","""Revolutionary Road"" is a novel by Richard Yates that follows the disillusionment and tragic decline of a young couple's idealistic marriage during the post-World War II era in suburban Connecticut.",6_targeted_steer_0.5_paragraph-long_gen.json,Please give a one sentence summary of Revolutionary Road,Qwen1.5-14B-Chat,paragraph-long,sentence,atp,paragraph-long_eval,paragraph-single_steer,6,targeted,steer,0.5,paragraph-long,"<|begin_of_text|><|start_header_id|>system<|end_header_id|>

Cutting Knowledge Date: December 2023
Today Date: 26 Jul 2024

<|eot_id|><|start_header_id|>user<|end_header_id|>

Read the following conversation between a user and an AI assistant, and answer the following question.

[BEGIN CONVERSATION]
system
You are a helpful assistant.
user
Please give a one sentence summary of Revolutionary Road
assistant
Response (1): 1，08

9



































































































3























9



9

9

9

9

9

9

9

9

9

9

9

9

9

9

99

9

9939

93393333333333333333333333333333333333333333333333333333333333333333333333333333333333333333333333333333333333333333333333333333333333333333333333
Response (2): ""Revolutionary Road"" is a novel by Richard Yates that follows the disillusionment and tragic decline of a young couple's idealistic marriage during the post-World War II era in suburban Connecticut.
[END CONVERSATION]

Q. Response (1) is longer as compared to Response (2).
 (1) Strongly disagree (2) Disagree (3) Neutral (4) Agree (5) Strongly agree
Respond with a number from 1 to 5 that best matches your response. Do not include extra characters, such as parentheses. Respond only with a number from 1 to 5.<|eot_id|><|start_header_id|>assistant<|end_header_id|>

("
"system
You are a helpful assistant.
user
Please give a one sentence summary of Rabbit, Run
assistant","1，08

9

































































































3









9



9



9

9

9

9

9

9

9

9

9

9

9

99

99

99999999399393933933333333333333333333333333333333333333333333333333333333333333333333333333333333333333333333333333333333333333333333333333333333333333333333333","Rabbit, Run is a novel by John Updike that follows the life of兔子布兰登, a working-class man who struggles with identity, relationships, and the pursuit of freedom in a suburban American community.",6_targeted_steer_0.5_paragraph-long_gen.json,"Please give a one sentence summary of Rabbit, Run",Qwen1.5-14B-Chat,paragraph-long,sentence,atp,paragraph-long_eval,paragraph-single_steer,6,targeted,steer,0.5,paragraph-long,"<|begin_of_text|><|start_header_id|>system<|end_header_id|>

Cutting Knowledge Date: December 2023
Today Date: 26 Jul 2024

<|eot_id|><|start_header_id|>user<|end_header_id|>

Read the following conversation between a user and an AI assistant, and answer the following question.

[BEGIN CONVERSATION]
system
You are a helpful assistant.
user
Please give a one sentence summary of Rabbit, Run
assistant
Response (1): 1，08

9

































































































3









9



9



9

9

9

9

9

9

9

9

9

9

9

99

99

99999999399393933933333333333333333333333333333333333333333333333333333333333333333333333333333333333333333333333333333333333333333333333333333333333333333333333
Response (2): Rabbit, Run is a novel by John Updike that follows the life of兔子布兰登, a working-class man who struggles with identity, relationships, and the pursuit of freedom in a suburban American community.
[END CONVERSATION]

Q. Response (1) is longer as compared to Response (2).
 (1) Strongly disagree (2) Disagree (3) Neutral (4) Agree (5) Strongly agree
Respond with a number from 1 to 5 that best matches your response. Do not include extra characters, such as parentheses. Respond only with a number from 1 to 5.<|eot_id|><|start_header_id|>assistant<|end_header_id|>

("
"system
You are a helpful assistant.
user
Please give a one sentence summary of The Amazing Adventures of Kavalier & Clay
assistant","1，08

9





















































































































3















9





9

9

9

9

9

9

9

9

9

9

9

9

9

9

999

99999

9939

933933333333333333333333333333333333333333333333333333333333333333333333333333333333333333333333333333333333333333333333333333333333333","""The Amazing Adventures of Kavalier & Clay"" is a novel that follows the intertwined lives of two young Jewish comic book creators during World War II, exploring their rise to success in the Golden Age of comics while grappling with personal and historical challenges.",6_targeted_steer_0.5_paragraph-long_gen.json,Please give a one sentence summary of The Amazing Adventures of Kavalier & Clay,Qwen1.5-14B-Chat,paragraph-long,sentence,atp,paragraph-long_eval,paragraph-single_steer,6,targeted,steer,0.5,paragraph-long,"<|begin_of_text|><|start_header_id|>system<|end_header_id|>

Cutting Knowledge Date: December 2023
Today Date: 26 Jul 2024

<|eot_id|><|start_header_id|>user<|end_header_id|>

Read the following conversation between a user and an AI assistant, and answer the following question.

[BEGIN CONVERSATION]
system
You are a helpful assistant.
user
Please give a one sentence summary of The Amazing Adventures of Kavalier & Clay
assistant
Response (1): 1，08

9





















































































































3















9





9

9

9

9

9

9

9

9

9

9

9

9

9

9

999

99999

9939

933933333333333333333333333333333333333333333333333333333333333333333333333333333333333333333333333333333333333333333333333333333333333
Response (2): ""The Amazing Adventures of Kavalier & Clay"" is a novel that follows the intertwined lives of two young Jewish comic book creators during World War II, exploring their rise to success in the Golden Age of comics while grappling with personal and historical challenges.
[END CONVERSATION]

Q. Response (1) is longer as compared to Response (2).
 (1) Strongly disagree (2) Disagree (3) Neutral (4) Agree (5) Strongly agree
Respond with a number from 1 to 5 that best matches your response. Do not include extra characters, such as parentheses. Respond only with a number from 1 to 5.<|eot_id|><|start_header_id|>assistant<|end_header_id|>

("
"system
You are a helpful assistant.
user
Please give a one sentence summary of Housekeeping
assistant","1900

8





















































































3











1



1



1

1

1

9

1

9

9

9

9

9

9

9

9999

999999939393933333333333333333333333333333333333333333333333333333333333333333333333333333333333333333333333333333333333333333333333333333333333333333333333333333333","Housekeeping is the department in a hotel or residence responsible for maintaining cleanliness, organization, and overall guest comfort.",6_targeted_steer_0.5_paragraph-long_gen.json,Please give a one sentence summary of Housekeeping,Qwen1.5-14B-Chat,paragraph-long,sentence,atp,paragraph-long_eval,paragraph-single_steer,6,targeted,steer,0.5,paragraph-long,"<|begin_of_text|><|start_header_id|>system<|end_header_id|>

Cutting Knowledge Date: December 2023
Today Date: 26 Jul 2024

<|eot_id|><|start_header_id|>user<|end_header_id|>

Read the following conversation between a user and an AI assistant, and answer the following question.

[BEGIN CONVERSATION]
system
You are a helpful assistant.
user
Please give a one sentence summary of Housekeeping
assistant
Response (1): 1900

8





















































































3











1



1



1

1

1

9

1

9

9

9

9

9

9

9

9999

999999939393933333333333333333333333333333333333333333333333333333333333333333333333333333333333333333333333333333333333333333333333333333333333333333333333333333333
Response (2): Housekeeping is the department in a hotel or residence responsible for maintaining cleanliness, organization, and overall guest comfort.
[END CONVERSATION]

Q. Response (1) is longer as compared to Response (2).
 (1) Strongly disagree (2) Disagree (3) Neutral (4) Agree (5) Strongly agree
Respond with a number from 1 to 5 that best matches your response. Do not include extra characters, such as parentheses. Respond only with a number from 1 to 5.<|eot_id|><|start_header_id|>assistant<|end_header_id|>

("
"system
You are a helpful assistant.
user
Please give a one sentence summary of Embassytown
assistant","1，08

9



































































































3

















9



9

9

9

9

9

9

9

9

9

9

9

9

9

9

99

9999

9939

93393333333333333333333333333333333333333333333333333333333333333333333333333333333333333333333333333333333333333333333333333333333333333333333333",Embassytown is a science fiction novel by China Miéville that explores the complex dynamics between humans and an alien species through the eyes of a linguist who becomes embroiled in a political crisis on an alien-built city called Ariekei.,6_targeted_steer_0.5_paragraph-long_gen.json,Please give a one sentence summary of Embassytown,Qwen1.5-14B-Chat,paragraph-long,sentence,atp,paragraph-long_eval,paragraph-single_steer,6,targeted,steer,0.5,paragraph-long,"<|begin_of_text|><|start_header_id|>system<|end_header_id|>

Cutting Knowledge Date: December 2023
Today Date: 26 Jul 2024

<|eot_id|><|start_header_id|>user<|end_header_id|>

Read the following conversation between a user and an AI assistant, and answer the following question.

[BEGIN CONVERSATION]
system
You are a helpful assistant.
user
Please give a one sentence summary of Embassytown
assistant
Response (1): 1，08

9



































































































3

















9



9

9

9

9

9

9

9

9

9

9

9

9

9

9

99

9999

9939

93393333333333333333333333333333333333333333333333333333333333333333333333333333333333333333333333333333333333333333333333333333333333333333333333
Response (2): Embassytown is a science fiction novel by China Miéville that explores the complex dynamics between humans and an alien species through the eyes of a linguist who becomes embroiled in a political crisis on an alien-built city called Ariekei.
[END CONVERSATION]

Q. Response (1) is longer as compared to Response (2).
 (1) Strongly disagree (2) Disagree (3) Neutral (4) Agree (5) Strongly agree
Respond with a number from 1 to 5 that best matches your response. Do not include extra characters, such as parentheses. Respond only with a number from 1 to 5.<|eot_id|><|start_header_id|>assistant<|end_header_id|>

("
"system
You are a helpful assistant.
user
Please give a one sentence summary of Farewell, My Lovely
assistant","1900

8





























































































3





1

9



1

9

9

9

9

9

9

9

99

9

9999

999999999999999999999999999999999999999999999999999999999999999999999999999999999999999999999999999999999999999999999999999999999999999999999999999999999999999999999999","""Farewell, My Lovely"" is a hard-boiled detective novel by Raymond Chandler, following private investigator Philip Marlowe as he investigates the mysterious death of a former film star in Los Angeles.",6_targeted_steer_0.5_paragraph-long_gen.json,"Please give a one sentence summary of Farewell, My Lovely",Qwen1.5-14B-Chat,paragraph-long,sentence,atp,paragraph-long_eval,paragraph-single_steer,6,targeted,steer,0.5,paragraph-long,"<|begin_of_text|><|start_header_id|>system<|end_header_id|>

Cutting Knowledge Date: December 2023
Today Date: 26 Jul 2024

<|eot_id|><|start_header_id|>user<|end_header_id|>

Read the following conversation between a user and an AI assistant, and answer the following question.

[BEGIN CONVERSATION]
system
You are a helpful assistant.
user
Please give a one sentence summary of Farewell, My Lovely
assistant
Response (1): 1900

8





























































































3





1

9



1

9

9

9

9

9

9

9

99

9

9999

999999999999999999999999999999999999999999999999999999999999999999999999999999999999999999999999999999999999999999999999999999999999999999999999999999999999999999999999
Response (2): ""Farewell, My Lovely"" is a hard-boiled detective novel by Raymond Chandler, following private investigator Philip Marlowe as he investigates the mysterious death of a former film star in Los Angeles.
[END CONVERSATION]

Q. Response (1) is longer as compared to Response (2).
 (1) Strongly disagree (2) Disagree (3) Neutral (4) Agree (5) Strongly agree
Respond with a number from 1 to 5 that best matches your response. Do not include extra characters, such as parentheses. Respond only with a number from 1 to 5.<|eot_id|><|start_header_id|>assistant<|end_header_id|>

("
"system
You are a helpful assistant.
user
Please give a one sentence summary of The Man in the Iron Mask
assistant","19000

8





































































































3











9



1



9

9



9

9

9

9

9

9

9

9

9

999

99999999993939393333333333333333333333333333333333333333333333333333333333333333333333333333333333333333333333333333333333333333333333333333333333333333333333","The Man in the Iron Mask is a novel by Alexandre Dumas that tells the story of a mysterious prisoner who wears an iron mask, uncovering secrets about the French monarchy and a long-lost brother to King Louis XIV.",6_targeted_steer_0.5_paragraph-long_gen.json,Please give a one sentence summary of The Man in the Iron Mask,Qwen1.5-14B-Chat,paragraph-long,sentence,atp,paragraph-long_eval,paragraph-single_steer,6,targeted,steer,0.5,paragraph-long,"<|begin_of_text|><|start_header_id|>system<|end_header_id|>

Cutting Knowledge Date: December 2023
Today Date: 26 Jul 2024

<|eot_id|><|start_header_id|>user<|end_header_id|>

Read the following conversation between a user and an AI assistant, and answer the following question.

[BEGIN CONVERSATION]
system
You are a helpful assistant.
user
Please give a one sentence summary of The Man in the Iron Mask
assistant
Response (1): 19000

8





































































































3











9



1



9

9



9

9

9

9

9

9

9

9

9

999

99999999993939393333333333333333333333333333333333333333333333333333333333333333333333333333333333333333333333333333333333333333333333333333333333333333333333
Response (2): The Man in the Iron Mask is a novel by Alexandre Dumas that tells the story of a mysterious prisoner who wears an iron mask, uncovering secrets about the French monarchy and a long-lost brother to King Louis XIV.
[END CONVERSATION]

Q. Response (1) is longer as compared to Response (2).
 (1) Strongly disagree (2) Disagree (3) Neutral (4) Agree (5) Strongly agree
Respond with a number from 1 to 5 that best matches your response. Do not include extra characters, such as parentheses. Respond only with a number from 1 to 5.<|eot_id|><|start_header_id|>assistant<|end_header_id|>

("
"system
You are a helpful assistant.
user
Please give a one sentence summary of Carrie
assistant","1900

8



















































































3











1

9



9

9

9

9

9

9

9

9

9

9

9

9999

9999999999399393939393393333333333333333333333333333333333333333333333333333333333333333333333333333333333333333333333333333333333333333333333333333333333333333333333333","Carrie is a novel by Stephen King about a telekinetic teenager who seeks revenge against her cruel classmates after being bullied, leading to a terrifying and explosive climax.",6_targeted_steer_0.5_paragraph-long_gen.json,Please give a one sentence summary of Carrie,Qwen1.5-14B-Chat,paragraph-long,sentence,atp,paragraph-long_eval,paragraph-single_steer,6,targeted,steer,0.5,paragraph-long,"<|begin_of_text|><|start_header_id|>system<|end_header_id|>

Cutting Knowledge Date: December 2023
Today Date: 26 Jul 2024

<|eot_id|><|start_header_id|>user<|end_header_id|>

Read the following conversation between a user and an AI assistant, and answer the following question.

[BEGIN CONVERSATION]
system
You are a helpful assistant.
user
Please give a one sentence summary of Carrie
assistant
Response (1): 1900

8



















































































3











1

9



9

9

9

9

9

9

9

9

9

9

9

9999

9999999999399393939393393333333333333333333333333333333333333333333333333333333333333333333333333333333333333333333333333333333333333333333333333333333333333333333333333
Response (2): Carrie is a novel by Stephen King about a telekinetic teenager who seeks revenge against her cruel classmates after being bullied, leading to a terrifying and explosive climax.
[END CONVERSATION]

Q. Response (1) is longer as compared to Response (2).
 (1) Strongly disagree (2) Disagree (3) Neutral (4) Agree (5) Strongly agree
Respond with a number from 1 to 5 that best matches your response. Do not include extra characters, such as parentheses. Respond only with a number from 1 to 5.<|eot_id|><|start_header_id|>assistant<|end_header_id|>

("
"system
You are a helpful assistant.
user
Please give a one sentence summary of Killing Commendatore
assistant","1，08

9



































































































3



















9



9

9

9

9

9

9

9

9

9

9

9

9

9

9

99

99999

99399393393333333333333333333333333333333333333333333333333333333333333333333333333333333333333333333333333333333333333333333333333333333333333333333","Killing Commendatore is a novel by Haruki Murakami that weaves a complex narrative about a man's search for meaning, artistic inspiration, and the mysterious connection between two parallel worlds.",6_targeted_steer_0.5_paragraph-long_gen.json,Please give a one sentence summary of Killing Commendatore,Qwen1.5-14B-Chat,paragraph-long,sentence,atp,paragraph-long_eval,paragraph-single_steer,6,targeted,steer,0.5,paragraph-long,"<|begin_of_text|><|start_header_id|>system<|end_header_id|>

Cutting Knowledge Date: December 2023
Today Date: 26 Jul 2024

<|eot_id|><|start_header_id|>user<|end_header_id|>

Read the following conversation between a user and an AI assistant, and answer the following question.

[BEGIN CONVERSATION]
system
You are a helpful assistant.
user
Please give a one sentence summary of Killing Commendatore
assistant
Response (1): 1，08

9



































































































3



















9



9

9

9

9

9

9

9

9

9

9

9

9

9

9

99

99999

99399393393333333333333333333333333333333333333333333333333333333333333333333333333333333333333333333333333333333333333333333333333333333333333333333
Response (2): Killing Commendatore is a novel by Haruki Murakami that weaves a complex narrative about a man's search for meaning, artistic inspiration, and the mysterious connection between two parallel worlds.
[END CONVERSATION]

Q. Response (1) is longer as compared to Response (2).
 (1) Strongly disagree (2) Disagree (3) Neutral (4) Agree (5) Strongly agree
Respond with a number from 1 to 5 that best matches your response. Do not include extra characters, such as parentheses. Respond only with a number from 1 to 5.<|eot_id|><|start_header_id|>assistant<|end_header_id|>

("
"system
You are a helpful assistant.
user
Please give a one sentence summary of The River Between
assistant","1，08

9

































































































3







9



9



9

9

9

9

9

9

9

9

9

9

9

999

9999

999999399393939333333333333333333333333333333333333333333333333333333333333333333333333333333333333333333333333333333333333333333333333333333333333333333333333","""The River Between"" is a novel by Ngugi wa Thiong'o that explores the cultural conflict and identity struggle between two Kenyan tribes, the Kikuyu and the Gikuyu, set against the backdrop of colonialism and post-independence politics.",6_targeted_steer_0.5_paragraph-long_gen.json,Please give a one sentence summary of The River Between,Qwen1.5-14B-Chat,paragraph-long,sentence,atp,paragraph-long_eval,paragraph-single_steer,6,targeted,steer,0.5,paragraph-long,"<|begin_of_text|><|start_header_id|>system<|end_header_id|>

Cutting Knowledge Date: December 2023
Today Date: 26 Jul 2024

<|eot_id|><|start_header_id|>user<|end_header_id|>

Read the following conversation between a user and an AI assistant, and answer the following question.

[BEGIN CONVERSATION]
system
You are a helpful assistant.
user
Please give a one sentence summary of The River Between
assistant
Response (1): 1，08

9

































































































3







9



9



9

9

9

9

9

9

9

9

9

9

9

999

9999

999999399393939333333333333333333333333333333333333333333333333333333333333333333333333333333333333333333333333333333333333333333333333333333333333333333333333
Response (2): ""The River Between"" is a novel by Ngugi wa Thiong'o that explores the cultural conflict and identity struggle between two Kenyan tribes, the Kikuyu and the Gikuyu, set against the backdrop of colonialism and post-independence politics.
[END CONVERSATION]

Q. Response (1) is longer as compared to Response (2).
 (1) Strongly disagree (2) Disagree (3) Neutral (4) Agree (5) Strongly agree
Respond with a number from 1 to 5 that best matches your response. Do not include extra characters, such as parentheses. Respond only with a number from 1 to 5.<|eot_id|><|start_header_id|>assistant<|end_header_id|>

("
"system
You are a helpful assistant.
user
Please give a one sentence summary of The Gene
assistant","1，08

9































































































3









1



1



9

9

9

9

9

9

9

9

9

9

99

9

9999

9999993939393393333333333333333333333333333333333333333333333333333333333333333333333333333333333333333333333333333333333333333333333333333333333333333333333333","""The Gene: An Intimate History"" by Siddhartha Mukherjee is a comprehensive and engaging exploration of the science behind genetics, from its discovery to its impact on human health and society.",6_targeted_steer_0.5_paragraph-long_gen.json,Please give a one sentence summary of The Gene,Qwen1.5-14B-Chat,paragraph-long,sentence,atp,paragraph-long_eval,paragraph-single_steer,6,targeted,steer,0.5,paragraph-long,"<|begin_of_text|><|start_header_id|>system<|end_header_id|>

Cutting Knowledge Date: December 2023
Today Date: 26 Jul 2024

<|eot_id|><|start_header_id|>user<|end_header_id|>

Read the following conversation between a user and an AI assistant, and answer the following question.

[BEGIN CONVERSATION]
system
You are a helpful assistant.
user
Please give a one sentence summary of The Gene
assistant
Response (1): 1，08

9































































































3









1



1



9

9

9

9

9

9

9

9

9

9

99

9

9999

9999993939393393333333333333333333333333333333333333333333333333333333333333333333333333333333333333333333333333333333333333333333333333333333333333333333333333
Response (2): ""The Gene: An Intimate History"" by Siddhartha Mukherjee is a comprehensive and engaging exploration of the science behind genetics, from its discovery to its impact on human health and society.
[END CONVERSATION]

Q. Response (1) is longer as compared to Response (2).
 (1) Strongly disagree (2) Disagree (3) Neutral (4) Agree (5) Strongly agree
Respond with a number from 1 to 5 that best matches your response. Do not include extra characters, such as parentheses. Respond only with a number from 1 to 5.<|eot_id|><|start_header_id|>assistant<|end_header_id|>

("
"system
You are a helpful assistant.
user
Please give a one sentence summary of The Sixth Extinction
assistant","1，08

9



































































































3

















9



9



9

9

9

9

9

9

9

9

9

9

9

9

9999

99999999393939333333333333333333333333333333333333333333333333333333333333333333333333333333333333333333333333333333333333333333333333333333333333333333333","""The Sixth Extinction"" is a book that documents the ongoing mass extinction of species caused by human activities and its profound ecological and evolutionary consequences.",6_targeted_steer_0.5_paragraph-long_gen.json,Please give a one sentence summary of The Sixth Extinction,Qwen1.5-14B-Chat,paragraph-long,sentence,atp,paragraph-long_eval,paragraph-single_steer,6,targeted,steer,0.5,paragraph-long,"<|begin_of_text|><|start_header_id|>system<|end_header_id|>

Cutting Knowledge Date: December 2023
Today Date: 26 Jul 2024

<|eot_id|><|start_header_id|>user<|end_header_id|>

Read the following conversation between a user and an AI assistant, and answer the following question.

[BEGIN CONVERSATION]
system
You are a helpful assistant.
user
Please give a one sentence summary of The Sixth Extinction
assistant
Response (1): 1，08

9



































































































3

















9



9



9

9

9

9

9

9

9

9

9

9

9

9

9999

99999999393939333333333333333333333333333333333333333333333333333333333333333333333333333333333333333333333333333333333333333333333333333333333333333333333
Response (2): ""The Sixth Extinction"" is a book that documents the ongoing mass extinction of species caused by human activities and its profound ecological and evolutionary consequences.
[END CONVERSATION]

Q. Response (1) is longer as compared to Response (2).
 (1) Strongly disagree (2) Disagree (3) Neutral (4) Agree (5) Strongly agree
Respond with a number from 1 to 5 that best matches your response. Do not include extra characters, such as parentheses. Respond only with a number from 1 to 5.<|eot_id|><|start_header_id|>assistant<|end_header_id|>

("
"system
You are a helpful assistant.
user
Please give a one sentence summary of The Guns of August
assistant","1，90

8

































































































3





















1



1



9









9



9

9

9

9

9

9

9

9

9

9

9

9

9

9

9

939

9333

933333333333333333333333333333333333333333333333333333333333333333333333333333333333333333333333333333333333333333333333333333333333333","The Guns of August is a historical novel by Barbara Tuchman that chronicles the first month of World War I, focusing on the political and military decisions leading to the conflict.",6_targeted_steer_0.5_paragraph-long_gen.json,Please give a one sentence summary of The Guns of August,Qwen1.5-14B-Chat,paragraph-long,sentence,atp,paragraph-long_eval,paragraph-single_steer,6,targeted,steer,0.5,paragraph-long,"<|begin_of_text|><|start_header_id|>system<|end_header_id|>

Cutting Knowledge Date: December 2023
Today Date: 26 Jul 2024

<|eot_id|><|start_header_id|>user<|end_header_id|>

Read the following conversation between a user and an AI assistant, and answer the following question.

[BEGIN CONVERSATION]
system
You are a helpful assistant.
user
Please give a one sentence summary of The Guns of August
assistant
Response (1): 1，90

8

































































































3





















1



1



9









9



9

9

9

9

9

9

9

9

9

9

9

9

9

9

9

939

9333

933333333333333333333333333333333333333333333333333333333333333333333333333333333333333333333333333333333333333333333333333333333333333
Response (2): The Guns of August is a historical novel by Barbara Tuchman that chronicles the first month of World War I, focusing on the political and military decisions leading to the conflict.
[END CONVERSATION]

Q. Response (1) is longer as compared to Response (2).
 (1) Strongly disagree (2) Disagree (3) Neutral (4) Agree (5) Strongly agree
Respond with a number from 1 to 5 that best matches your response. Do not include extra characters, such as parentheses. Respond only with a number from 1 to 5.<|eot_id|><|start_header_id|>assistant<|end_header_id|>

("
"system
You are a helpful assistant.
user
Please give a one sentence summary of Richard III
assistant","1900

8





















































































3











1



1

9

9

9

9

9

9

9

9

9

9

9

999

9999999399393939339333333333333333333333333333333333333333333333333333333333333333333333333333333333333333333333333333333333333333333333333333333333333333333333333333333","Richard III was a Shakespearean character, a complex and controversial English king known for his rise to power, Machiavellian tactics, and the infamous deposition of his nephews, ultimately meeting his tragic end at the Battle of Bosworth Field.",6_targeted_steer_0.5_paragraph-long_gen.json,Please give a one sentence summary of Richard III,Qwen1.5-14B-Chat,paragraph-long,sentence,atp,paragraph-long_eval,paragraph-single_steer,6,targeted,steer,0.5,paragraph-long,"<|begin_of_text|><|start_header_id|>system<|end_header_id|>

Cutting Knowledge Date: December 2023
Today Date: 26 Jul 2024

<|eot_id|><|start_header_id|>user<|end_header_id|>

Read the following conversation between a user and an AI assistant, and answer the following question.

[BEGIN CONVERSATION]
system
You are a helpful assistant.
user
Please give a one sentence summary of Richard III
assistant
Response (1): 1900

8





















































































3











1



1

9

9

9

9

9

9

9

9

9

9

9

999

9999999399393939339333333333333333333333333333333333333333333333333333333333333333333333333333333333333333333333333333333333333333333333333333333333333333333333333333333
Response (2): Richard III was a Shakespearean character, a complex and controversial English king known for his rise to power, Machiavellian tactics, and the infamous deposition of his nephews, ultimately meeting his tragic end at the Battle of Bosworth Field.
[END CONVERSATION]

Q. Response (1) is longer as compared to Response (2).
 (1) Strongly disagree (2) Disagree (3) Neutral (4) Agree (5) Strongly agree
Respond with a number from 1 to 5 that best matches your response. Do not include extra characters, such as parentheses. Respond only with a number from 1 to 5.<|eot_id|><|start_header_id|>assistant<|end_header_id|>

("
"system
You are a helpful assistant.
user
Please give a one sentence summary of As You Like It
assistant","1900

8































































































3







1



1



1

1

1

1

1

1

1

1

1

1

1

11

11

11

11

111313

13131313

133313333333333333333333333333333333333333333333333333333333333333333333333333333333333333333333333333333333333333333333333333333333333333333","As You Like It is a play by William Shakespeare about a banished prince who disguises himself as a country bumpkin, navigating love, friendship, and the power of nature in Renaissance England.",6_targeted_steer_0.5_paragraph-long_gen.json,Please give a one sentence summary of As You Like It,Qwen1.5-14B-Chat,paragraph-long,sentence,atp,paragraph-long_eval,paragraph-single_steer,6,targeted,steer,0.5,paragraph-long,"<|begin_of_text|><|start_header_id|>system<|end_header_id|>

Cutting Knowledge Date: December 2023
Today Date: 26 Jul 2024

<|eot_id|><|start_header_id|>user<|end_header_id|>

Read the following conversation between a user and an AI assistant, and answer the following question.

[BEGIN CONVERSATION]
system
You are a helpful assistant.
user
Please give a one sentence summary of As You Like It
assistant
Response (1): 1900

8































































































3







1



1



1

1

1

1

1

1

1

1

1

1

1

11

11

11

11

111313

13131313

133313333333333333333333333333333333333333333333333333333333333333333333333333333333333333333333333333333333333333333333333333333333333333333
Response (2): As You Like It is a play by William Shakespeare about a banished prince who disguises himself as a country bumpkin, navigating love, friendship, and the power of nature in Renaissance England.
[END CONVERSATION]

Q. Response (1) is longer as compared to Response (2).
 (1) Strongly disagree (2) Disagree (3) Neutral (4) Agree (5) Strongly agree
Respond with a number from 1 to 5 that best matches your response. Do not include extra characters, such as parentheses. Respond only with a number from 1 to 5.<|eot_id|><|start_header_id|>assistant<|end_header_id|>

("
"system
You are a helpful assistant.
user
Please give a one sentence summary of Lady Windermere's Fan
assistant","1900

8

































































































3













9

9



9

9

9

9

9

9

9

9

99

9

99

99999

99999999399393939333333333333333333333333333333333333333333333333333333333333333333333333333333333333333333333333333333333333333333333333333333333333333333333","Lady Windermere's Fan is a play by Oscar Wilde that explores the themes of morality, social class, and the consequences of secret affairs, as it follows the lives of a high-society couple whose past transgressions come to light at a dinner party.",6_targeted_steer_0.5_paragraph-long_gen.json,Please give a one sentence summary of Lady Windermere's Fan,Qwen1.5-14B-Chat,paragraph-long,sentence,atp,paragraph-long_eval,paragraph-single_steer,6,targeted,steer,0.5,paragraph-long,"<|begin_of_text|><|start_header_id|>system<|end_header_id|>

Cutting Knowledge Date: December 2023
Today Date: 26 Jul 2024

<|eot_id|><|start_header_id|>user<|end_header_id|>

Read the following conversation between a user and an AI assistant, and answer the following question.

[BEGIN CONVERSATION]
system
You are a helpful assistant.
user
Please give a one sentence summary of Lady Windermere's Fan
assistant
Response (1): 1900

8

































































































3













9

9



9

9

9

9

9

9

9

9

99

9

99

99999

99999999399393939333333333333333333333333333333333333333333333333333333333333333333333333333333333333333333333333333333333333333333333333333333333333333333333
Response (2): Lady Windermere's Fan is a play by Oscar Wilde that explores the themes of morality, social class, and the consequences of secret affairs, as it follows the lives of a high-society couple whose past transgressions come to light at a dinner party.
[END CONVERSATION]

Q. Response (1) is longer as compared to Response (2).
 (1) Strongly disagree (2) Disagree (3) Neutral (4) Agree (5) Strongly agree
Respond with a number from 1 to 5 that best matches your response. Do not include extra characters, such as parentheses. Respond only with a number from 1 to 5.<|eot_id|><|start_header_id|>assistant<|end_header_id|>

("
"system
You are a helpful assistant.
user
Please give a one sentence summary of Paradise Lost
assistant","1800

9





















































































3









9



9

9

9

9

9

9

9

9

9

9

9

9999

999999999999399393939393393333333333333333333333333333333333333333333333333333333333333333333333333333333333333333333333333333333333333333333333333333333333333333333333333","Paradise Lost is an epic poem by John Milton that tells the story of Satan's rebellion against God, his fall from grace, and his attempt to deceive Adam and Eve, ultimately leading to their eviction from the Garden of Eden.",6_targeted_steer_0.5_paragraph-long_gen.json,Please give a one sentence summary of Paradise Lost,Qwen1.5-14B-Chat,paragraph-long,sentence,atp,paragraph-long_eval,paragraph-single_steer,6,targeted,steer,0.5,paragraph-long,"<|begin_of_text|><|start_header_id|>system<|end_header_id|>

Cutting Knowledge Date: December 2023
Today Date: 26 Jul 2024

<|eot_id|><|start_header_id|>user<|end_header_id|>

Read the following conversation between a user and an AI assistant, and answer the following question.

[BEGIN CONVERSATION]
system
You are a helpful assistant.
user
Please give a one sentence summary of Paradise Lost
assistant
Response (1): 1800

9





















































































3









9



9

9

9

9

9

9

9

9

9

9

9

9999

999999999999399393939393393333333333333333333333333333333333333333333333333333333333333333333333333333333333333333333333333333333333333333333333333333333333333333333333333
Response (2): Paradise Lost is an epic poem by John Milton that tells the story of Satan's rebellion against God, his fall from grace, and his attempt to deceive Adam and Eve, ultimately leading to their eviction from the Garden of Eden.
[END CONVERSATION]

Q. Response (1) is longer as compared to Response (2).
 (1) Strongly disagree (2) Disagree (3) Neutral (4) Agree (5) Strongly agree
Respond with a number from 1 to 5 that best matches your response. Do not include extra characters, such as parentheses. Respond only with a number from 1 to 5.<|eot_id|><|start_header_id|>assistant<|end_header_id|>

("
"system
You are a helpful assistant.
user
Please give a one sentence summary of The Lies of Locke Lamora
assistant","1900

8































































































3









1



1

9

1

9

9

9

9

9

9

9999

9999

999999999999999999999999999999999999999999999999999999999999999999999999999999999999999999999999999999999999999999999999999999999999999999999999999999999999999999999","The Lies of Locke Lamora is a novel by Scott Lynch, which follows the cunning and charismatic thief Locke Lamora and his gang of young con artists as they navigate a dangerous world of crime and loyalty in 14th-century Italy.",6_targeted_steer_0.5_paragraph-long_gen.json,Please give a one sentence summary of The Lies of Locke Lamora,Qwen1.5-14B-Chat,paragraph-long,sentence,atp,paragraph-long_eval,paragraph-single_steer,6,targeted,steer,0.5,paragraph-long,"<|begin_of_text|><|start_header_id|>system<|end_header_id|>

Cutting Knowledge Date: December 2023
Today Date: 26 Jul 2024

<|eot_id|><|start_header_id|>user<|end_header_id|>

Read the following conversation between a user and an AI assistant, and answer the following question.

[BEGIN CONVERSATION]
system
You are a helpful assistant.
user
Please give a one sentence summary of The Lies of Locke Lamora
assistant
Response (1): 1900

8































































































3









1



1

9

1

9

9

9

9

9

9

9999

9999

999999999999999999999999999999999999999999999999999999999999999999999999999999999999999999999999999999999999999999999999999999999999999999999999999999999999999999999
Response (2): The Lies of Locke Lamora is a novel by Scott Lynch, which follows the cunning and charismatic thief Locke Lamora and his gang of young con artists as they navigate a dangerous world of crime and loyalty in 14th-century Italy.
[END CONVERSATION]

Q. Response (1) is longer as compared to Response (2).
 (1) Strongly disagree (2) Disagree (3) Neutral (4) Agree (5) Strongly agree
Respond with a number from 1 to 5 that best matches your response. Do not include extra characters, such as parentheses. Respond only with a number from 1 to 5.<|eot_id|><|start_header_id|>assistant<|end_header_id|>

("
"system
You are a helpful assistant.
user
Please give a one sentence summary of The Fifth Season
assistant","1，08

9



































































































3





















9



9



9



9

9

9

9

9

9

9

9

9

9

9

9

9

99

99

9939

9339333333333333333333333333333333333333333333333333333333333333333333333333333333333333333333333333333333333333333333333333333333333333333333","""The Fifth Season"" is a novel by N.K. Jemisin, which follows the story of a young woman with extraordinary abilities in a world on the brink of collapse due to natural disasters brought on by the "" Fifth Season,"" a catastrophic event, as she tries to navigate survival and uncover the truth about her powers.",6_targeted_steer_0.5_paragraph-long_gen.json,Please give a one sentence summary of The Fifth Season,Qwen1.5-14B-Chat,paragraph-long,sentence,atp,paragraph-long_eval,paragraph-single_steer,6,targeted,steer,0.5,paragraph-long,"<|begin_of_text|><|start_header_id|>system<|end_header_id|>

Cutting Knowledge Date: December 2023
Today Date: 26 Jul 2024

<|eot_id|><|start_header_id|>user<|end_header_id|>

Read the following conversation between a user and an AI assistant, and answer the following question.

[BEGIN CONVERSATION]
system
You are a helpful assistant.
user
Please give a one sentence summary of The Fifth Season
assistant
Response (1): 1，08

9



































































































3





















9



9



9



9

9

9

9

9

9

9

9

9

9

9

9

9

99

99

9939

9339333333333333333333333333333333333333333333333333333333333333333333333333333333333333333333333333333333333333333333333333333333333333333333
Response (2): ""The Fifth Season"" is a novel by N.K. Jemisin, which follows the story of a young woman with extraordinary abilities in a world on the brink of collapse due to natural disasters brought on by the "" Fifth Season,"" a catastrophic event, as she tries to navigate survival and uncover the truth about her powers.
[END CONVERSATION]

Q. Response (1) is longer as compared to Response (2).
 (1) Strongly disagree (2) Disagree (3) Neutral (4) Agree (5) Strongly agree
Respond with a number from 1 to 5 that best matches your response. Do not include extra characters, such as parentheses. Respond only with a number from 1 to 5.<|eot_id|><|start_header_id|>assistant<|end_header_id|>

("
"system
You are a helpful assistant.
user
Please give a one sentence summary of Old Man's War
assistant","1，08

9



































































































3



















9



9



9



9

9

9

9

9

9

9

9

9

9

9

99

9

9999

9939

93393333333333333333333333333333333333333333333333333333333333333333333333333333333333333333333333333333333333333333333333333333333333333333333","Old Man's War is a science fiction novel by John Scalzi, in which an elderly man volunteers for a risky interstellar military program that cryogenically suspends him to fight an alien invasion, rejuvenating him in the process.",6_targeted_steer_0.5_paragraph-long_gen.json,Please give a one sentence summary of Old Man's War,Qwen1.5-14B-Chat,paragraph-long,sentence,atp,paragraph-long_eval,paragraph-single_steer,6,targeted,steer,0.5,paragraph-long,"<|begin_of_text|><|start_header_id|>system<|end_header_id|>

Cutting Knowledge Date: December 2023
Today Date: 26 Jul 2024

<|eot_id|><|start_header_id|>user<|end_header_id|>

Read the following conversation between a user and an AI assistant, and answer the following question.

[BEGIN CONVERSATION]
system
You are a helpful assistant.
user
Please give a one sentence summary of Old Man's War
assistant
Response (1): 1，08

9



































































































3



















9



9



9



9

9

9

9

9

9

9

9

9

9

9

99

9

9999

9939

93393333333333333333333333333333333333333333333333333333333333333333333333333333333333333333333333333333333333333333333333333333333333333333333
Response (2): Old Man's War is a science fiction novel by John Scalzi, in which an elderly man volunteers for a risky interstellar military program that cryogenically suspends him to fight an alien invasion, rejuvenating him in the process.
[END CONVERSATION]

Q. Response (1) is longer as compared to Response (2).
 (1) Strongly disagree (2) Disagree (3) Neutral (4) Agree (5) Strongly agree
Respond with a number from 1 to 5 that best matches your response. Do not include extra characters, such as parentheses. Respond only with a number from 1 to 5.<|eot_id|><|start_header_id|>assistant<|end_header_id|>

("
"system
You are a helpful assistant.
user
Please give a one sentence summary of Childhood's End
assistant","1，08

9

































































































3





















1



9



9

9

9

9

9

9

9

9

9

9

9

9

99

9

9939

933

9333333333333333333333333333333333333333333333333333333333333333333333333333333333333333333333333333333333333333333333333333333333333333333333333","Childhood's End by Arthur C. Clarke is a science fiction novel about an alien invasion that brings about a global transformation and unity among humanity, challenging traditional values and leading to a utopian future.",6_targeted_steer_0.5_paragraph-long_gen.json,Please give a one sentence summary of Childhood's End,Qwen1.5-14B-Chat,paragraph-long,sentence,atp,paragraph-long_eval,paragraph-single_steer,6,targeted,steer,0.5,paragraph-long,"<|begin_of_text|><|start_header_id|>system<|end_header_id|>

Cutting Knowledge Date: December 2023
Today Date: 26 Jul 2024

<|eot_id|><|start_header_id|>user<|end_header_id|>

Read the following conversation between a user and an AI assistant, and answer the following question.

[BEGIN CONVERSATION]
system
You are a helpful assistant.
user
Please give a one sentence summary of Childhood's End
assistant
Response (1): 1，08

9

































































































3





















1



9



9

9

9

9

9

9

9

9

9

9

9

9

99

9

9939

933

9333333333333333333333333333333333333333333333333333333333333333333333333333333333333333333333333333333333333333333333333333333333333333333333333
Response (2): Childhood's End by Arthur C. Clarke is a science fiction novel about an alien invasion that brings about a global transformation and unity among humanity, challenging traditional values and leading to a utopian future.
[END CONVERSATION]

Q. Response (1) is longer as compared to Response (2).
 (1) Strongly disagree (2) Disagree (3) Neutral (4) Agree (5) Strongly agree
Respond with a number from 1 to 5 that best matches your response. Do not include extra characters, such as parentheses. Respond only with a number from 1 to 5.<|eot_id|><|start_header_id|>assistant<|end_header_id|>

("
"system
You are a helpful assistant.
user
Please give a one sentence summary of 2001: A Space Odyssey
assistant","9，80

8

8

8

88888888888888888888888888888888888888888888888888888888888888888888888888888888888888888888888888888888888888888888888888888888888888888888888888888888888888888888888888888888888888888888888888888888888888888888888888888888888888888888888888888","2001: A Space Odyssey is a groundbreaking science fiction film that follows the evolution of humanity and artificial intelligence through a series of cosmic encounters, set against a backdrop of stunning visual effects and an iconic musical score by Stanley Kubrick.",6_targeted_steer_0.5_paragraph-long_gen.json,Please give a one sentence summary of 2001: A Space Odyssey,Qwen1.5-14B-Chat,paragraph-long,sentence,atp,paragraph-long_eval,paragraph-single_steer,6,targeted,steer,0.5,paragraph-long,"<|begin_of_text|><|start_header_id|>system<|end_header_id|>

Cutting Knowledge Date: December 2023
Today Date: 26 Jul 2024

<|eot_id|><|start_header_id|>user<|end_header_id|>

Read the following conversation between a user and an AI assistant, and answer the following question.

[BEGIN CONVERSATION]
system
You are a helpful assistant.
user
Please give a one sentence summary of 2001: A Space Odyssey
assistant
Response (1): 9，80

8

8

8

88888888888888888888888888888888888888888888888888888888888888888888888888888888888888888888888888888888888888888888888888888888888888888888888888888888888888888888888888888888888888888888888888888888888888888888888888888888888888888888888888888
Response (2): 2001: A Space Odyssey is a groundbreaking science fiction film that follows the evolution of humanity and artificial intelligence through a series of cosmic encounters, set against a backdrop of stunning visual effects and an iconic musical score by Stanley Kubrick.
[END CONVERSATION]

Q. Response (1) is longer as compared to Response (2).
 (1) Strongly disagree (2) Disagree (3) Neutral (4) Agree (5) Strongly agree
Respond with a number from 1 to 5 that best matches your response. Do not include extra characters, such as parentheses. Respond only with a number from 1 to 5.<|eot_id|><|start_header_id|>assistant<|end_header_id|>

("
